Head Speed           0 mph
Ball Speed         115 mph
Launch Angle      16.8 deg
Back Spin         6334 rpm
Deviation Angle    0.0 deg
Side Spin            0 rpm
Distance           172 yds


0.06, 0.02, 0.00
0.51, 0.15, 0.00
0.95, 0.29, 0.00
1.40, 0.42, 0.00
1.84, 0.56, 0.00
2.29, 0.70, 0.00
2.73, 0.83, 0.00
3.17, 0.97, 0.00
3.61, 1.10, 0.00
4.05, 1.24, 0.00
4.48, 1.37, 0.00
4.92, 1.51, 0.00
5.35, 1.64, 0.00
5.78, 1.78, 0.00
6.21, 1.91, 0.00
6.64, 2.05, 0.00
7.07, 2.18, 0.00
7.49, 2.32, 0.00
7.92, 2.45, 0.00
8.34, 2.59, 0.00
8.76, 2.72, 0.00
9.18, 2.85, 0.00
9.60, 2.99, 0.00
10.02, 3.12, 0.00
10.44, 3.26, 0.00
10.85, 3.39, 0.00
11.26, 3.52, 0.00
11.68, 3.66, 0.00
12.09, 3.79, 0.00
12.50, 3.92, 0.00
12.91, 4.06, 0.00
13.31, 4.19, 0.00
13.72, 4.32, 0.00
14.12, 4.46, 0.00
14.53, 4.59, 0.00
14.93, 4.72, 0.00
15.33, 4.85, 0.00
15.73, 4.98, 0.00
16.13, 5.12, 0.00
16.52, 5.25, 0.00
16.92, 5.38, 0.00
17.31, 5.51, 0.00
17.71, 5.64, 0.00
18.10, 5.77, 0.00
18.49, 5.90, 0.00
18.88, 6.03, 0.00
19.27, 6.17, 0.00
19.65, 6.30, 0.00
20.04, 6.43, 0.00
20.42, 6.56, 0.00
20.81, 6.68, 0.00
21.19, 6.81, 0.00
21.57, 6.94, 0.00
21.95, 7.07, 0.00
22.33, 7.20, 0.00
22.71, 7.33, 0.00
23.08, 7.46, 0.00
23.46, 7.59, 0.00
23.83, 7.71, 0.00
24.20, 7.84, 0.00
24.57, 7.97, 0.00
24.94, 8.10, 0.00
25.31, 8.22, 0.00
25.68, 8.35, 0.00
26.05, 8.48, 0.00
26.41, 8.60, 0.00
26.78, 8.73, 0.00
27.14, 8.85, 0.00
27.51, 8.98, 0.00
27.87, 9.10, 0.00
28.23, 9.23, 0.00
28.59, 9.35, 0.00
28.94, 9.48, 0.00
29.30, 9.60, 0.00
29.66, 9.73, 0.00
30.01, 9.85, 0.00
30.37, 9.97, 0.00
30.72, 10.10, 0.00
31.07, 10.22, 0.00
31.42, 10.34, 0.00
31.77, 10.46, 0.00
32.12, 10.59, 0.00
32.47, 10.71, 0.00
32.81, 10.83, 0.00
33.16, 10.95, 0.00
33.50, 11.07, 0.00
33.85, 11.19, 0.00
34.19, 11.31, 0.00
34.53, 11.43, 0.00
34.87, 11.55, 0.00
35.21, 11.67, 0.00
35.55, 11.79, 0.00
35.89, 11.91, 0.00
36.22, 12.03, 0.00
36.56, 12.15, 0.00
36.89, 12.26, 0.00
37.22, 12.38, 0.00
37.56, 12.50, 0.00
37.89, 12.62, 0.00
38.22, 12.73, 0.00
38.55, 12.85, 0.00
38.88, 12.96, 0.00
39.20, 13.08, 0.00
39.53, 13.20, 0.00
39.86, 13.31, 0.00
40.18, 13.43, 0.00
40.51, 13.54, 0.00
40.83, 13.65, 0.00
41.15, 13.77, 0.00
41.47, 13.88, 0.00
41.79, 13.99, 0.00
42.11, 14.11, 0.00
42.43, 14.22, 0.00
42.75, 14.33, 0.00
43.06, 14.44, 0.00
43.38, 14.55, 0.00
43.69, 14.67, 0.00
44.01, 14.78, 0.00
44.32, 14.89, 0.00
44.63, 15.00, 0.00
44.94, 15.11, 0.00
45.25, 15.22, 0.00
45.56, 15.32, 0.00
45.87, 15.43, 0.00
46.18, 15.54, 0.00
46.48, 15.65, 0.00
46.79, 15.76, 0.00
47.09, 15.86, 0.00
47.40, 15.97, 0.00
47.70, 16.08, 0.00
48.00, 16.18, 0.00
48.31, 16.29, 0.00
48.61, 16.40, 0.00
48.91, 16.50, 0.00
49.21, 16.60, 0.00
49.50, 16.71, 0.00
49.80, 16.81, 0.00
50.10, 16.92, 0.00
50.39, 17.02, 0.00
50.69, 17.12, 0.00
50.98, 17.23, 0.00
51.28, 17.33, 0.00
51.57, 17.43, 0.00
51.86, 17.53, 0.00
52.15, 17.63, 0.00
52.44, 17.73, 0.00
52.73, 17.83, 0.00
53.02, 17.93, 0.00
53.31, 18.03, 0.00
53.59, 18.13, 0.00
53.88, 18.23, 0.00
54.17, 18.33, 0.00
54.45, 18.43, 0.00
54.73, 18.52, 0.00
55.02, 18.62, 0.00
55.30, 18.72, 0.00
55.58, 18.81, 0.00
55.86, 18.91, 0.00
56.14, 19.01, 0.00
56.42, 19.10, 0.00
56.70, 19.20, 0.00
56.98, 19.29, 0.00
57.26, 19.38, 0.00
57.53, 19.48, 0.00
57.81, 19.57, 0.00
58.08, 19.66, 0.00
58.36, 19.76, 0.00
58.63, 19.85, 0.00
58.90, 19.94, 0.00
59.18, 20.03, 0.00
59.45, 20.12, 0.00
59.72, 20.21, 0.00
59.99, 20.30, 0.00
60.26, 20.39, 0.00
60.52, 20.48, 0.00
60.79, 20.57, 0.00
61.06, 20.66, 0.00
61.33, 20.75, 0.00
61.59, 20.84, 0.00
61.86, 20.92, 0.00
62.12, 21.01, 0.00
62.39, 21.10, 0.00
62.65, 21.18, 0.00
62.91, 21.27, 0.00
63.17, 21.35, 0.00
63.43, 21.44, 0.00
63.69, 21.52, 0.00
63.95, 21.61, 0.00
64.21, 21.69, 0.00
64.47, 21.77, 0.00
64.73, 21.86, 0.00
64.99, 21.94, 0.00
65.24, 22.02, 0.00
65.50, 22.10, 0.00
65.75, 22.18, 0.00
66.01, 22.26, 0.00
66.26, 22.34, 0.00
66.52, 22.42, 0.00
66.77, 22.50, 0.00
67.02, 22.58, 0.00
67.27, 22.66, 0.00
67.52, 22.74, 0.00
67.77, 22.82, 0.00
68.02, 22.89, 0.00
68.27, 22.97, 0.00
68.52, 23.05, 0.00
68.77, 23.12, 0.00
69.02, 23.20, 0.00
69.26, 23.27, 0.00
69.51, 23.35, 0.00
69.75, 23.42, 0.00
70.00, 23.50, 0.00
70.24, 23.57, 0.00
70.49, 23.64, 0.00
70.73, 23.72, 0.00
70.97, 23.79, 0.00
71.21, 23.86, 0.00
71.45, 23.93, 0.00
71.70, 24.00, 0.00
71.94, 24.07, 0.00
72.18, 24.14, 0.00
72.41, 24.21, 0.00
72.65, 24.28, 0.00
72.89, 24.35, 0.00
73.13, 24.42, 0.00
73.36, 24.49, 0.00
73.60, 24.55, 0.00
73.84, 24.62, 0.00
74.07, 24.69, 0.00
74.31, 24.75, 0.00
74.54, 24.82, 0.00
74.77, 24.88, 0.00
75.01, 24.95, 0.00
75.24, 25.01, 0.00
75.47, 25.08, 0.00
75.70, 25.14, 0.00
75.93, 25.20, 0.00
76.16, 25.26, 0.00
76.39, 25.33, 0.00
76.62, 25.39, 0.00
76.85, 25.45, 0.00
77.08, 25.51, 0.00
77.31, 25.57, 0.00
77.53, 25.63, 0.00
77.76, 25.69, 0.00
77.99, 25.75, 0.00
78.21, 25.81, 0.00
78.44, 25.87, 0.00
78.66, 25.92, 0.00
78.88, 25.98, 0.00
79.11, 26.04, 0.00
79.33, 26.09, 0.00
79.55, 26.15, 0.00
79.78, 26.21, 0.00
80.00, 26.26, 0.00
80.22, 26.31, 0.00
80.44, 26.37, 0.00
80.66, 26.42, 0.00
80.88, 26.48, 0.00
81.10, 26.53, 0.00
81.32, 26.58, 0.00
81.53, 26.63, 0.00
81.75, 26.68, 0.00
81.97, 26.74, 0.00
82.19, 26.79, 0.00
82.40, 26.84, 0.00
82.62, 26.89, 0.00
82.83, 26.93, 0.00
83.05, 26.98, 0.00
83.26, 27.03, 0.00
83.48, 27.08, 0.00
83.69, 27.13, 0.00
83.90, 27.17, 0.00
84.12, 27.22, 0.00
84.33, 27.27, 0.00
84.54, 27.31, 0.00
84.75, 27.36, 0.00
84.96, 27.40, 0.00
85.17, 27.45, 0.00
85.38, 27.49, 0.00
85.59, 27.53, 0.00
85.80, 27.58, 0.00
86.01, 27.62, 0.00
86.22, 27.66, 0.00
86.43, 27.70, 0.00
86.63, 27.74, 0.00
86.84, 27.78, 0.00
87.05, 27.82, 0.00
87.25, 27.86, 0.00
87.46, 27.90, 0.00
87.66, 27.94, 0.00
87.87, 27.98, 0.00
88.07, 28.02, 0.00
88.28, 28.06, 0.00
88.48, 28.09, 0.00
88.68, 28.13, 0.00
88.89, 28.16, 0.00
89.09, 28.20, 0.00
89.29, 28.24, 0.00
89.49, 28.27, 0.00
89.69, 28.30, 0.00
89.89, 28.34, 0.00
90.09, 28.37, 0.00
90.29, 28.40, 0.00
90.49, 28.44, 0.00
90.69, 28.47, 0.00
90.89, 28.50, 0.00
91.09, 28.53, 0.00
91.29, 28.56, 0.00
91.49, 28.59, 0.00
91.68, 28.62, 0.00
91.88, 28.65, 0.00
92.08, 28.68, 0.00
92.27, 28.71, 0.00
92.47, 28.74, 0.00
92.66, 28.76, 0.00
92.86, 28.79, 0.00
93.05, 28.82, 0.00
93.25, 28.84, 0.00
93.44, 28.87, 0.00
93.64, 28.89, 0.00
93.83, 28.92, 0.00
94.02, 28.94, 0.00
94.22, 28.97, 0.00
94.41, 28.99, 0.00
94.60, 29.01, 0.00
94.79, 29.03, 0.00
94.98, 29.06, 0.00
95.17, 29.08, 0.00
95.36, 29.10, 0.00
95.55, 29.12, 0.00
95.74, 29.14, 0.00
95.93, 29.16, 0.00
96.12, 29.18, 0.00
96.31, 29.20, 0.00
96.50, 29.22, 0.00
96.69, 29.23, 0.00
96.87, 29.25, 0.00
97.06, 29.27, 0.00
97.25, 29.28, 0.00
97.43, 29.30, 0.00
97.62, 29.32, 0.00
97.81, 29.33, 0.00
97.99, 29.34, 0.00
98.18, 29.36, 0.00
98.36, 29.37, 0.00
98.55, 29.39, 0.00
98.73, 29.40, 0.00
98.92, 29.41, 0.00
99.10, 29.42, 0.00
99.28, 29.43, 0.00
99.47, 29.45, 0.00
99.65, 29.46, 0.00
99.83, 29.47, 0.00
100.01, 29.48, 0.00
100.20, 29.48, 0.00
100.38, 29.49, 0.00
100.56, 29.50, 0.00
100.74, 29.51, 0.00
100.92, 29.52, 0.00
101.10, 29.52, 0.00
101.28, 29.53, 0.00
101.46, 29.54, 0.00
101.64, 29.54, 0.00
101.82, 29.55, 0.00
102.00, 29.55, 0.00
102.18, 29.55, 0.00
102.36, 29.56, 0.00
102.53, 29.56, 0.00
102.71, 29.56, 0.00
102.89, 29.57, 0.00
103.07, 29.57, 0.00
103.24, 29.57, 0.00
103.42, 29.57, 0.00
103.60, 29.57, 0.00
103.77, 29.57, 0.00
103.95, 29.57, 0.00
104.12, 29.57, 0.00
104.30, 29.57, 0.00
104.47, 29.57, 0.00
104.65, 29.56, 0.00
104.82, 29.56, 0.00
105.00, 29.56, 0.00
105.17, 29.55, 0.00
105.34, 29.55, 0.00
105.52, 29.55, 0.00
105.69, 29.54, 0.00
105.86, 29.54, 0.00
106.04, 29.53, 0.00
106.21, 29.52, 0.00
106.38, 29.52, 0.00
106.55, 29.51, 0.00
106.72, 29.50, 0.00
106.89, 29.49, 0.00
107.07, 29.48, 0.00
107.24, 29.48, 0.00
107.41, 29.47, 0.00
107.58, 29.46, 0.00
107.75, 29.45, 0.00
107.92, 29.43, 0.00
108.09, 29.42, 0.00
108.26, 29.41, 0.00
108.42, 29.40, 0.00
108.59, 29.39, 0.00
108.76, 29.37, 0.00
108.93, 29.36, 0.00
109.10, 29.35, 0.00
109.27, 29.33, 0.00
109.43, 29.32, 0.00
109.60, 29.30, 0.00
109.77, 29.28, 0.00
109.94, 29.27, 0.00
110.10, 29.25, 0.00
110.27, 29.23, 0.00
110.43, 29.22, 0.00
110.60, 29.20, 0.00
110.77, 29.18, 0.00
110.93, 29.16, 0.00
111.10, 29.14, 0.00
111.26, 29.12, 0.00
111.43, 29.10, 0.00
111.59, 29.08, 0.00
111.76, 29.06, 0.00
111.92, 29.04, 0.00
112.08, 29.02, 0.00
112.25, 28.99, 0.00
112.41, 28.97, 0.00
112.58, 28.95, 0.00
112.74, 28.92, 0.00
112.90, 28.90, 0.00
113.06, 28.87, 0.00
113.23, 28.85, 0.00
113.39, 28.82, 0.00
113.55, 28.80, 0.00
113.71, 28.77, 0.00
113.87, 28.74, 0.00
114.04, 28.72, 0.00
114.20, 28.69, 0.00
114.36, 28.66, 0.00
114.52, 28.63, 0.00
114.68, 28.60, 0.00
114.84, 28.57, 0.00
115.00, 28.54, 0.00
115.16, 28.51, 0.00
115.32, 28.48, 0.00
115.48, 28.45, 0.00
115.64, 28.42, 0.00
115.80, 28.38, 0.00
115.96, 28.35, 0.00
116.12, 28.32, 0.00
116.28, 28.28, 0.00
116.43, 28.25, 0.00
116.59, 28.22, 0.00
116.75, 28.18, 0.00
116.91, 28.14, 0.00
117.07, 28.11, 0.00
117.22, 28.07, 0.00
117.38, 28.04, 0.00
117.54, 28.00, 0.00
117.70, 27.96, 0.00
117.85, 27.92, 0.00
118.01, 27.88, 0.00
118.17, 27.85, 0.00
118.32, 27.81, 0.00
118.48, 27.77, 0.00
118.63, 27.73, 0.00
118.79, 27.69, 0.00
118.95, 27.64, 0.00
119.10, 27.60, 0.00
119.26, 27.56, 0.00
119.41, 27.52, 0.00
119.57, 27.48, 0.00
119.72, 27.43, 0.00
119.88, 27.39, 0.00
120.03, 27.34, 0.00
120.19, 27.30, 0.00
120.34, 27.25, 0.00
120.49, 27.21, 0.00
120.65, 27.16, 0.00
120.80, 27.12, 0.00
120.95, 27.07, 0.00
121.11, 27.02, 0.00
121.26, 26.98, 0.00
121.41, 26.93, 0.00
121.57, 26.88, 0.00
121.72, 26.83, 0.00
121.87, 26.78, 0.00
122.03, 26.73, 0.00
122.18, 26.68, 0.00
122.33, 26.63, 0.00
122.48, 26.58, 0.00
122.63, 26.53, 0.00
122.79, 26.48, 0.00
122.94, 26.42, 0.00
123.09, 26.37, 0.00
123.24, 26.32, 0.00
123.39, 26.26, 0.00
123.54, 26.21, 0.00
123.69, 26.16, 0.00
123.84, 26.10, 0.00
123.99, 26.05, 0.00
124.14, 25.99, 0.00
124.29, 25.93, 0.00
124.45, 25.88, 0.00
124.60, 25.82, 0.00
124.74, 25.76, 0.00
124.89, 25.70, 0.00
125.04, 25.65, 0.00
125.19, 25.59, 0.00
125.34, 25.53, 0.00
125.49, 25.47, 0.00
125.64, 25.41, 0.00
125.79, 25.35, 0.00
125.94, 25.29, 0.00
126.09, 25.23, 0.00
126.24, 25.17, 0.00
126.39, 25.10, 0.00
126.53, 25.04, 0.00
126.68, 24.98, 0.00
126.83, 24.91, 0.00
126.98, 24.85, 0.00
127.13, 24.79, 0.00
127.27, 24.72, 0.00
127.42, 24.66, 0.00
127.57, 24.59, 0.00
127.72, 24.53, 0.00
127.86, 24.46, 0.00
128.01, 24.39, 0.00
128.16, 24.33, 0.00
128.30, 24.26, 0.00
128.45, 24.19, 0.00
128.60, 24.12, 0.00
128.74, 24.05, 0.00
128.89, 23.98, 0.00
129.04, 23.92, 0.00
129.18, 23.85, 0.00
129.33, 23.77, 0.00
129.48, 23.70, 0.00
129.62, 23.63, 0.00
129.77, 23.56, 0.00
129.91, 23.49, 0.00
130.06, 23.42, 0.00
130.20, 23.34, 0.00
130.35, 23.27, 0.00
130.49, 23.20, 0.00
130.64, 23.12, 0.00
130.79, 23.05, 0.00
130.93, 22.97, 0.00
131.08, 22.90, 0.00
131.22, 22.82, 0.00
131.36, 22.75, 0.00
131.51, 22.67, 0.00
131.65, 22.59, 0.00
131.80, 22.52, 0.00
131.94, 22.44, 0.00
132.09, 22.36, 0.00
132.23, 22.28, 0.00
132.37, 22.20, 0.00
132.52, 22.12, 0.00
132.66, 22.05, 0.00
132.81, 21.96, 0.00
132.95, 21.88, 0.00
133.09, 21.80, 0.00
133.24, 21.72, 0.00
133.38, 21.64, 0.00
133.52, 21.56, 0.00
133.67, 21.48, 0.00
133.81, 21.39, 0.00
133.95, 21.31, 0.00
134.10, 21.23, 0.00
134.24, 21.14, 0.00
134.38, 21.06, 0.00
134.52, 20.97, 0.00
134.67, 20.89, 0.00
134.81, 20.80, 0.00
134.95, 20.72, 0.00
135.09, 20.63, 0.00
135.24, 20.54, 0.00
135.38, 20.46, 0.00
135.52, 20.37, 0.00
135.66, 20.28, 0.00
135.81, 20.19, 0.00
135.95, 20.10, 0.00
136.09, 20.01, 0.00
136.23, 19.93, 0.00
136.37, 19.84, 0.00
136.51, 19.75, 0.00
136.66, 19.65, 0.00
136.80, 19.56, 0.00
136.94, 19.47, 0.00
137.08, 19.38, 0.00
137.22, 19.29, 0.00
137.36, 19.20, 0.00
137.50, 19.10, 0.00
137.65, 19.01, 0.00
137.79, 18.92, 0.00
137.93, 18.82, 0.00
138.07, 18.73, 0.00
138.21, 18.63, 0.00
138.35, 18.54, 0.00
138.49, 18.44, 0.00
138.63, 18.35, 0.00
138.77, 18.25, 0.00
138.91, 18.15, 0.00
139.05, 18.05, 0.00
139.19, 17.96, 0.00
139.33, 17.86, 0.00
139.47, 17.76, 0.00
139.61, 17.66, 0.00
139.75, 17.56, 0.00
139.89, 17.46, 0.00
140.03, 17.36, 0.00
140.17, 17.26, 0.00
140.31, 17.16, 0.00
140.45, 17.06, 0.00
140.59, 16.96, 0.00
140.73, 16.86, 0.00
140.87, 16.76, 0.00
141.01, 16.66, 0.00
141.15, 16.55, 0.00
141.29, 16.45, 0.00
141.43, 16.35, 0.00
141.57, 16.24, 0.00
141.71, 16.14, 0.00
141.85, 16.03, 0.00
141.99, 15.93, 0.00
142.13, 15.82, 0.00
142.27, 15.72, 0.00
142.41, 15.61, 0.00
142.55, 15.50, 0.00
142.69, 15.40, 0.00
142.83, 15.29, 0.00
142.96, 15.18, 0.00
143.10, 15.08, 0.00
143.24, 14.97, 0.00
143.38, 14.86, 0.00
143.52, 14.75, 0.00
143.66, 14.64, 0.00
143.80, 14.53, 0.00
143.94, 14.42, 0.00
144.08, 14.31, 0.00
144.21, 14.20, 0.00
144.35, 14.09, 0.00
144.49, 13.98, 0.00
144.63, 13.86, 0.00
144.77, 13.75, 0.00
144.91, 13.64, 0.00
145.05, 13.53, 0.00
145.18, 13.41, 0.00
145.32, 13.30, 0.00
145.46, 13.19, 0.00
145.60, 13.07, 0.00
145.74, 12.96, 0.00
145.88, 12.84, 0.00
146.01, 12.73, 0.00
146.15, 12.61, 0.00
146.29, 12.49, 0.00
146.43, 12.38, 0.00
146.57, 12.26, 0.00
146.70, 12.14, 0.00
146.84, 12.03, 0.00
146.98, 11.91, 0.00
147.12, 11.79, 0.00
147.26, 11.67, 0.00
147.39, 11.55, 0.00
147.53, 11.43, 0.00
147.67, 11.31, 0.00
147.81, 11.19, 0.00
147.95, 11.07, 0.00
148.08, 10.95, 0.00
148.22, 10.83, 0.00
148.36, 10.71, 0.00
148.50, 10.59, 0.00
148.64, 10.47, 0.00
148.77, 10.35, 0.00
148.91, 10.22, 0.00
149.05, 10.10, 0.00
149.19, 9.98, 0.00
149.32, 9.85, 0.00
149.46, 9.73, 0.00
149.60, 9.61, 0.00
149.74, 9.48, 0.00
149.88, 9.36, 0.00
150.01, 9.23, 0.00
150.15, 9.10, 0.00
150.29, 8.98, 0.00
150.43, 8.85, 0.00
150.56, 8.73, 0.00
150.70, 8.60, 0.00
150.84, 8.47, 0.00
150.98, 8.34, 0.00
151.11, 8.22, 0.00
151.25, 8.09, 0.00
151.39, 7.96, 0.00
151.53, 7.83, 0.00
151.66, 7.70, 0.00
151.80, 7.57, 0.00
151.94, 7.44, 0.00
152.08, 7.31, 0.00
152.21, 7.18, 0.00
152.35, 7.05, 0.00
152.49, 6.92, 0.00
152.63, 6.79, 0.00
152.76, 6.65, 0.00
152.90, 6.52, 0.00
153.04, 6.39, 0.00
153.18, 6.26, 0.00
153.31, 6.12, 0.00
153.45, 5.99, 0.00
153.59, 5.86, 0.00
153.73, 5.72, 0.00
153.86, 5.59, 0.00
154.00, 5.45, 0.00
154.14, 5.32, 0.00
154.28, 5.18, 0.00
154.41, 5.05, 0.00
154.55, 4.91, 0.00
154.69, 4.77, 0.00
154.83, 4.64, 0.00
154.96, 4.50, 0.00
155.10, 4.36, 0.00
155.24, 4.22, 0.00
155.38, 4.09, 0.00
155.51, 3.95, 0.00
155.65, 3.81, 0.00
155.79, 3.67, 0.00
155.93, 3.53, 0.00
156.06, 3.39, 0.00
156.20, 3.25, 0.00
156.34, 3.11, 0.00
156.48, 2.97, 0.00
156.61, 2.83, 0.00
156.75, 2.69, 0.00
156.89, 2.55, 0.00
157.03, 2.41, 0.00
157.16, 2.26, 0.00
157.30, 2.12, 0.00
157.44, 1.98, 0.00
157.58, 1.84, 0.00
157.71, 1.69, 0.00
157.85, 1.55, 0.00
157.99, 1.41, 0.00
158.13, 1.26, 0.00
158.26, 1.12, 0.00
158.40, 0.97, 0.00
158.54, 0.83, 0.00
158.68, 0.68, 0.00
158.81, 0.54, 0.00
158.95, 0.39, 0.00
159.09, 0.24, 0.00
159.23, 0.10, 0.00
159.34, 0.01, 0.00
159.39, 0.08, 0.00
159.44, 0.14, 0.00
159.49, 0.21, 0.00
159.54, 0.27, 0.00
159.60, 0.34, 0.00
159.65, 0.40, 0.00
159.70, 0.46, 0.00
159.75, 0.52, 0.00
159.80, 0.58, 0.00
159.85, 0.64, 0.00
159.90, 0.70, 0.00
159.95, 0.76, 0.00
160.01, 0.82, 0.00
160.06, 0.88, 0.00
160.11, 0.93, 0.00
160.16, 0.99, 0.00
160.21, 1.04, 0.00
160.26, 1.10, 0.00
160.31, 1.15, 0.00
160.36, 1.21, 0.00
160.41, 1.26, 0.00
160.46, 1.31, 0.00
160.52, 1.36, 0.00
160.57, 1.41, 0.00
160.62, 1.46, 0.00
160.67, 1.51, 0.00
160.72, 1.55, 0.00
160.77, 1.60, 0.00
160.82, 1.65, 0.00
160.87, 1.69, 0.00
160.92, 1.73, 0.00
160.97, 1.78, 0.00
161.02, 1.82, 0.00
161.07, 1.86, 0.00
161.12, 1.91, 0.00
161.18, 1.95, 0.00
161.23, 1.99, 0.00
161.28, 2.02, 0.00
161.33, 2.06, 0.00
161.38, 2.10, 0.00
161.43, 2.14, 0.00
161.48, 2.17, 0.00
161.53, 2.21, 0.00
161.58, 2.24, 0.00
161.63, 2.28, 0.00
161.68, 2.31, 0.00
161.73, 2.34, 0.00
161.78, 2.38, 0.00
161.83, 2.41, 0.00
161.88, 2.44, 0.00
161.93, 2.47, 0.00
161.98, 2.50, 0.00
162.03, 2.52, 0.00
162.08, 2.55, 0.00
162.13, 2.58, 0.00
162.18, 2.60, 0.00
162.23, 2.63, 0.00
162.28, 2.65, 0.00
162.33, 2.68, 0.00
162.38, 2.70, 0.00
162.43, 2.72, 0.00
162.48, 2.74, 0.00
162.53, 2.76, 0.00
162.58, 2.78, 0.00
162.63, 2.80, 0.00
162.69, 2.82, 0.00
162.74, 2.84, 0.00
162.79, 2.85, 0.00
162.84, 2.87, 0.00
162.89, 2.89, 0.00
162.94, 2.90, 0.00
162.99, 2.91, 0.00
163.04, 2.93, 0.00
163.09, 2.94, 0.00
163.13, 2.95, 0.00
163.18, 2.96, 0.00
163.23, 2.97, 0.00
163.28, 2.98, 0.00
163.33, 2.99, 0.00
163.38, 3.00, 0.00
163.43, 3.01, 0.00
163.48, 3.01, 0.00
163.53, 3.02, 0.00
163.58, 3.02, 0.00
163.63, 3.03, 0.00
163.68, 3.03, 0.00
163.73, 3.03, 0.00
163.78, 3.04, 0.00
163.83, 3.04, 0.00
163.88, 3.04, 0.00
163.93, 3.04, 0.00
163.98, 3.04, 0.00
164.03, 3.04, 0.00
164.08, 3.03, 0.00
164.13, 3.03, 0.00
164.18, 3.03, 0.00
164.23, 3.02, 0.00
164.28, 3.02, 0.00
164.33, 3.01, 0.00
164.38, 3.00, 0.00
164.43, 3.00, 0.00
164.48, 2.99, 0.00
164.53, 2.98, 0.00
164.58, 2.97, 0.00
164.63, 2.96, 0.00
164.68, 2.95, 0.00
164.73, 2.94, 0.00
164.78, 2.92, 0.00
164.83, 2.91, 0.00
164.88, 2.90, 0.00
164.92, 2.88, 0.00
164.97, 2.87, 0.00
165.02, 2.85, 0.00
165.07, 2.83, 0.00
165.12, 2.82, 0.00
165.17, 2.80, 0.00
165.22, 2.78, 0.00
165.27, 2.76, 0.00
165.32, 2.74, 0.00
165.37, 2.72, 0.00
165.42, 2.69, 0.00
165.47, 2.67, 0.00
165.52, 2.65, 0.00
165.57, 2.62, 0.00
165.62, 2.60, 0.00
165.67, 2.57, 0.00
165.72, 2.55, 0.00
165.77, 2.52, 0.00
165.81, 2.49, 0.00
165.86, 2.46, 0.00
165.91, 2.43, 0.00
165.96, 2.40, 0.00
166.01, 2.37, 0.00
166.06, 2.34, 0.00
166.11, 2.31, 0.00
166.16, 2.27, 0.00
166.21, 2.24, 0.00
166.26, 2.21, 0.00
166.31, 2.17, 0.00
166.36, 2.13, 0.00
166.41, 2.10, 0.00
166.46, 2.06, 0.00
166.51, 2.02, 0.00
166.55, 1.98, 0.00
166.60, 1.94, 0.00
166.65, 1.90, 0.00
166.70, 1.86, 0.00
166.75, 1.82, 0.00
166.80, 1.78, 0.00
166.85, 1.73, 0.00
166.90, 1.69, 0.00
166.95, 1.65, 0.00
167.00, 1.60, 0.00
167.05, 1.55, 0.00
167.10, 1.51, 0.00
167.15, 1.46, 0.00
167.19, 1.41, 0.00
167.24, 1.36, 0.00
167.29, 1.31, 0.00
167.34, 1.26, 0.00
167.39, 1.21, 0.00
167.44, 1.16, 0.00
167.49, 1.11, 0.00
167.54, 1.05, 0.00
167.59, 1.00, 0.00
167.64, 0.94, 0.00
167.69, 0.89, 0.00
167.74, 0.83, 0.00
167.78, 0.78, 0.00
167.83, 0.72, 0.00
167.88, 0.66, 0.00
167.93, 0.60, 0.00
167.98, 0.54, 0.00
168.03, 0.48, 0.00
168.08, 0.42, 0.00
168.13, 0.36, 0.00
168.18, 0.29, 0.00
168.23, 0.23, 0.00
168.28, 0.17, 0.00
168.33, 0.10, 0.00
168.37, 0.04, 0.00
168.41, 0.00, 0.00
168.43, 0.04, 0.00
168.46, 0.08, 0.00
168.49, 0.11, 0.00
168.51, 0.15, 0.00
168.54, 0.18, 0.00
168.56, 0.21, 0.00
168.59, 0.25, 0.00
168.62, 0.28, 0.00
168.64, 0.31, 0.00
168.67, 0.34, 0.00
168.69, 0.37, 0.00
168.72, 0.40, 0.00
168.75, 0.42, 0.00
168.77, 0.45, 0.00
168.80, 0.48, 0.00
168.82, 0.50, 0.00
168.85, 0.53, 0.00
168.88, 0.55, 0.00
168.90, 0.57, 0.00
168.93, 0.60, 0.00
168.95, 0.62, 0.00
168.98, 0.64, 0.00
169.01, 0.66, 0.00
169.03, 0.68, 0.00
169.06, 0.70, 0.00
169.08, 0.71, 0.00
169.11, 0.73, 0.00
169.14, 0.75, 0.00
169.16, 0.76, 0.00
169.19, 0.78, 0.00
169.21, 0.79, 0.00
169.24, 0.80, 0.00
169.26, 0.82, 0.00
169.29, 0.83, 0.00
169.32, 0.84, 0.00
169.34, 0.85, 0.00
169.37, 0.86, 0.00
169.39, 0.87, 0.00
169.42, 0.88, 0.00
169.45, 0.88, 0.00
169.47, 0.89, 0.00
169.50, 0.89, 0.00
169.52, 0.90, 0.00
169.55, 0.90, 0.00
169.58, 0.91, 0.00
169.60, 0.91, 0.00
169.63, 0.91, 0.00
169.65, 0.91, 0.00
169.68, 0.91, 0.00
169.70, 0.91, 0.00
169.73, 0.91, 0.00
169.76, 0.91, 0.00
169.78, 0.91, 0.00
169.81, 0.90, 0.00
169.83, 0.90, 0.00
169.86, 0.89, 0.00
169.89, 0.89, 0.00
169.91, 0.88, 0.00
169.94, 0.87, 0.00
169.96, 0.86, 0.00
169.99, 0.86, 0.00
170.01, 0.85, 0.00
170.04, 0.84, 0.00
170.06, 0.82, 0.00
170.09, 0.81, 0.00
170.12, 0.80, 0.00
170.14, 0.79, 0.00
170.17, 0.77, 0.00
170.19, 0.76, 0.00
170.22, 0.74, 0.00
170.24, 0.73, 0.00
170.27, 0.71, 0.00
170.29, 0.69, 0.00
170.32, 0.67, 0.00
170.35, 0.65, 0.00
170.37, 0.63, 0.00
170.40, 0.61, 0.00
170.42, 0.59, 0.00
170.45, 0.57, 0.00
170.47, 0.54, 0.00
170.50, 0.52, 0.00
170.52, 0.50, 0.00
170.55, 0.47, 0.00
170.57, 0.45, 0.00
170.60, 0.42, 0.00
170.62, 0.39, 0.00
170.65, 0.36, 0.00
170.67, 0.33, 0.00
170.70, 0.30, 0.00
170.72, 0.27, 0.00
170.75, 0.24, 0.00
170.78, 0.21, 0.00
170.80, 0.18, 0.00
170.83, 0.14, 0.00
170.85, 0.11, 0.00
170.88, 0.07, 0.00
170.90, 0.04, 0.00
170.92, 0.00, 0.00
170.93, 0.00, 0.00
170.94, 0.03, 0.00
170.96, 0.05, 0.00
170.97, 0.07, 0.00
170.99, 0.09, 0.00
171.00, 0.11, 0.00
171.01, 0.13, 0.00
171.03, 0.14, 0.00
171.04, 0.16, 0.00
171.06, 0.18, 0.00
171.07, 0.19, 0.00
171.08, 0.21, 0.00
171.10, 0.22, 0.00
171.11, 0.24, 0.00
171.13, 0.25, 0.00
171.14, 0.26, 0.00
171.16, 0.27, 0.00
171.17, 0.28, 0.00
171.18, 0.29, 0.00
171.20, 0.30, 0.00
171.21, 0.31, 0.00
171.23, 0.32, 0.00
171.24, 0.32, 0.00
171.25, 0.33, 0.00
171.27, 0.34, 0.00
171.28, 0.34, 0.00
171.30, 0.34, 0.00
171.31, 0.35, 0.00
171.32, 0.35, 0.00
171.34, 0.35, 0.00
171.35, 0.35, 0.00
171.37, 0.35, 0.00
171.38, 0.35, 0.00
171.39, 0.35, 0.00
171.41, 0.35, 0.00
171.42, 0.34, 0.00
171.44, 0.34, 0.00
171.45, 0.33, 0.00
171.46, 0.33, 0.00
171.48, 0.32, 0.00
171.49, 0.32, 0.00
171.51, 0.31, 0.00
171.52, 0.30, 0.00
171.53, 0.29, 0.00
171.55, 0.28, 0.00
171.56, 0.27, 0.00
171.58, 0.26, 0.00
171.59, 0.25, 0.00
171.60, 0.24, 0.00
171.62, 0.22, 0.00
171.63, 0.21, 0.00
171.65, 0.19, 0.00
171.66, 0.18, 0.00
171.67, 0.16, 0.00
171.69, 0.14, 0.00
171.70, 0.12, 0.00
171.72, 0.11, 0.00
171.73, 0.09, 0.00
171.74, 0.07, 0.00
171.76, 0.05, 0.00
171.77, 0.02, 0.00
171.78, 0.00, 0.00
171.79, 0.00, 0.00
171.80, 0.02, 0.00
171.80, 0.03, 0.00
171.81, 0.04, 0.00
171.82, 0.06, 0.00
171.83, 0.07, 0.00
171.84, 0.08, 0.00
171.84, 0.09, 0.00
171.85, 0.10, 0.00
171.86, 0.11, 0.00
171.87, 0.12, 0.00
171.88, 0.12, 0.00
171.88, 0.13, 0.00
171.89, 0.14, 0.00
171.90, 0.14, 0.00
171.91, 0.15, 0.00
171.92, 0.15, 0.00
171.92, 0.15, 0.00
171.93, 0.16, 0.00
171.94, 0.16, 0.00
171.95, 0.16, 0.00
171.96, 0.16, 0.00
171.96, 0.16, 0.00
171.97, 0.15, 0.00
171.98, 0.15, 0.00
171.99, 0.15, 0.00
172.00, 0.15, 0.00
172.00, 0.14, 0.00
172.01, 0.14, 0.00
172.02, 0.13, 0.00
172.03, 0.12, 0.00
172.04, 0.12, 0.00
172.04, 0.11, 0.00
172.05, 0.10, 0.00
172.06, 0.09, 0.00
172.07, 0.08, 0.00
172.08, 0.07, 0.00
172.08, 0.05, 0.00
172.09, 0.04, 0.00
172.10, 0.03, 0.00
172.11, 0.01, 0.00
172.12, 0.00, 0.00
172.12, 0.00, 0.00
172.12, 0.01, 0.00
172.13, 0.02, 0.00
172.13, 0.03, 0.00
172.14, 0.04, 0.00
172.14, 0.05, 0.00
172.14, 0.05, 0.00
172.15, 0.06, 0.00
172.15, 0.06, 0.00
172.16, 0.07, 0.00
172.16, 0.07, 0.00
172.17, 0.07, 0.00
172.17, 0.08, 0.00
172.18, 0.08, 0.00
172.18, 0.08, 0.00
172.19, 0.08, 0.00
172.19, 0.08, 0.00
172.20, 0.08, 0.00
172.20, 0.07, 0.00
172.20, 0.07, 0.00
172.21, 0.07, 0.00
172.21, 0.06, 0.00
172.22, 0.06, 0.00
172.22, 0.05, 0.00
172.23, 0.04, 0.00
172.23, 0.04, 0.00
172.24, 0.03, 0.00
172.24, 0.02, 0.00
172.25, 0.01, 0.00
172.25, 0.00, 0.00
172.25, 0.00, 0.00
172.25, 0.01, 0.00
172.26, 0.02, 0.00
172.26, 0.02, 0.00
172.26, 0.03, 0.00
172.26, 0.03, 0.00
172.27, 0.04, 0.00
172.27, 0.04, 0.00
172.27, 0.04, 0.00
172.28, 0.04, 0.00
172.28, 0.04, 0.00
172.28, 0.04, 0.00
172.28, 0.04, 0.00
172.29, 0.04, 0.00
172.29, 0.04, 0.00
172.29, 0.04, 0.00
172.29, 0.03, 0.00
172.30, 0.03, 0.00
172.30, 0.02, 0.00
172.30, 0.02, 0.00
172.30, 0.01, 0.00
172.31, 0.00, 0.00
172.31, 0.00, 0.00
172.31, 0.01, 0.00
172.31, 0.01, 0.00
172.31, 0.02, 0.00
172.31, 0.02, 0.00
172.32, 0.02, 0.00
172.32, 0.02, 0.00
172.32, 0.02, 0.00
172.32, 0.02, 0.00
172.32, 0.02, 0.00
172.32, 0.02, 0.00
172.33, 0.02, 0.00
172.33, 0.02, 0.00
172.33, 0.02, 0.00
172.33, 0.01, 0.00
172.33, 0.01, 0.00
172.33, 0.00, 0.00
172.33, 0.00, 0.00
172.33, 0.00, 0.00
172.34, 0.01, 0.00
172.34, 0.01, 0.00
172.34, 0.01, 0.00
172.34, 0.01, 0.00
172.34, 0.02, 0.00
172.34, 0.01, 0.00
172.34, 0.01, 0.00
172.34, 0.01, 0.00
172.34, 0.01, 0.00
172.34, 0.01, 0.00
172.34, 0.00, 0.00
172.34, 0.00, 0.00
172.34, 0.00, 0.00
172.35, 0.01, 0.00
172.35, 0.01, 0.00
172.35, 0.01, 0.00
172.35, 0.01, 0.00
172.35, 0.01, 0.00
172.35, 0.01, 0.00
172.35, 0.01, 0.00
172.35, 0.00, 0.00
172.35, 0.00, 0.00
172.36, 0.00, 0.00
