Head Speed           0 mph
Ball Speed         155 mph
Launch Angle      13.7 deg
Back Spin         2853 rpm
Deviation Angle    0.0 deg
Side Spin            0 rpm
Distance           268 yds


0.08, 0.02, 0.00
0.69, 0.17, 0.00
1.30, 0.32, 0.00
1.91, 0.47, 0.00
2.52, 0.62, 0.00
3.13, 0.77, 0.00
3.73, 0.91, 0.00
4.34, 1.06, 0.00
4.94, 1.21, 0.00
5.54, 1.36, 0.00
6.14, 1.51, 0.00
6.74, 1.66, 0.00
7.33, 1.80, 0.00
7.93, 1.95, 0.00
8.52, 2.10, 0.00
9.11, 2.24, 0.00
9.70, 2.39, 0.00
10.29, 2.54, 0.00
10.88, 2.68, 0.00
11.46, 2.83, 0.00
12.05, 2.97, 0.00
12.63, 3.12, 0.00
13.21, 3.26, 0.00
13.79, 3.41, 0.00
14.37, 3.55, 0.00
14.94, 3.70, 0.00
15.52, 3.84, 0.00
16.09, 3.98, 0.00
16.66, 4.13, 0.00
17.23, 4.27, 0.00
17.80, 4.41, 0.00
18.37, 4.56, 0.00
18.93, 4.70, 0.00
19.50, 4.84, 0.00
20.06, 4.98, 0.00
20.62, 5.12, 0.00
21.18, 5.27, 0.00
21.74, 5.41, 0.00
22.30, 5.55, 0.00
22.85, 5.69, 0.00
23.41, 5.83, 0.00
23.96, 5.97, 0.00
24.51, 6.11, 0.00
25.07, 6.24, 0.00
25.61, 6.38, 0.00
26.16, 6.52, 0.00
26.71, 6.66, 0.00
27.25, 6.80, 0.00
27.80, 6.94, 0.00
28.34, 7.07, 0.00
28.88, 7.21, 0.00
29.42, 7.35, 0.00
29.96, 7.48, 0.00
30.50, 7.62, 0.00
31.03, 7.75, 0.00
31.57, 7.89, 0.00
32.10, 8.02, 0.00
32.63, 8.16, 0.00
33.16, 8.29, 0.00
33.69, 8.43, 0.00
34.22, 8.56, 0.00
34.75, 8.69, 0.00
35.27, 8.83, 0.00
35.80, 8.96, 0.00
36.32, 9.09, 0.00
36.84, 9.22, 0.00
37.36, 9.36, 0.00
37.88, 9.49, 0.00
38.40, 9.62, 0.00
38.92, 9.75, 0.00
39.43, 9.88, 0.00
39.95, 10.01, 0.00
40.46, 10.14, 0.00
40.97, 10.27, 0.00
41.48, 10.40, 0.00
41.99, 10.53, 0.00
42.50, 10.65, 0.00
43.01, 10.78, 0.00
43.52, 10.91, 0.00
44.02, 11.04, 0.00
44.52, 11.16, 0.00
45.03, 11.29, 0.00
45.53, 11.42, 0.00
46.03, 11.54, 0.00
46.53, 11.67, 0.00
47.03, 11.79, 0.00
47.52, 11.92, 0.00
48.02, 12.04, 0.00
48.51, 12.17, 0.00
49.01, 12.29, 0.00
49.50, 12.41, 0.00
49.99, 12.54, 0.00
50.48, 12.66, 0.00
50.97, 12.78, 0.00
51.46, 12.90, 0.00
51.94, 13.02, 0.00
52.43, 13.14, 0.00
52.91, 13.26, 0.00
53.40, 13.38, 0.00
53.88, 13.50, 0.00
54.36, 13.62, 0.00
54.84, 13.74, 0.00
55.32, 13.86, 0.00
55.80, 13.98, 0.00
56.28, 14.10, 0.00
56.75, 14.22, 0.00
57.23, 14.33, 0.00
57.70, 14.45, 0.00
58.18, 14.57, 0.00
58.65, 14.68, 0.00
59.12, 14.80, 0.00
59.59, 14.91, 0.00
60.06, 15.03, 0.00
60.52, 15.14, 0.00
60.99, 15.26, 0.00
61.46, 15.37, 0.00
61.92, 15.48, 0.00
62.39, 15.60, 0.00
62.85, 15.71, 0.00
63.31, 15.82, 0.00
63.77, 15.93, 0.00
64.23, 16.04, 0.00
64.69, 16.15, 0.00
65.15, 16.27, 0.00
65.61, 16.38, 0.00
66.06, 16.49, 0.00
66.52, 16.59, 0.00
66.97, 16.70, 0.00
67.42, 16.81, 0.00
67.88, 16.92, 0.00
68.33, 17.03, 0.00
68.78, 17.14, 0.00
69.23, 17.24, 0.00
69.67, 17.35, 0.00
70.12, 17.45, 0.00
70.57, 17.56, 0.00
71.01, 17.67, 0.00
71.46, 17.77, 0.00
71.90, 17.88, 0.00
72.34, 17.98, 0.00
72.79, 18.08, 0.00
73.23, 18.19, 0.00
73.67, 18.29, 0.00
74.11, 18.39, 0.00
74.54, 18.49, 0.00
74.98, 18.60, 0.00
75.42, 18.70, 0.00
75.85, 18.80, 0.00
76.29, 18.90, 0.00
76.72, 19.00, 0.00
77.15, 19.10, 0.00
77.59, 19.20, 0.00
78.02, 19.29, 0.00
78.45, 19.39, 0.00
78.88, 19.49, 0.00
79.31, 19.59, 0.00
79.73, 19.69, 0.00
80.16, 19.78, 0.00
80.59, 19.88, 0.00
81.01, 19.97, 0.00
81.44, 20.07, 0.00
81.86, 20.16, 0.00
82.28, 20.26, 0.00
82.70, 20.35, 0.00
83.12, 20.45, 0.00
83.54, 20.54, 0.00
83.96, 20.63, 0.00
84.38, 20.73, 0.00
84.80, 20.82, 0.00
85.22, 20.91, 0.00
85.63, 21.00, 0.00
86.05, 21.09, 0.00
86.46, 21.18, 0.00
86.87, 21.27, 0.00
87.29, 21.36, 0.00
87.70, 21.45, 0.00
88.11, 21.54, 0.00
88.52, 21.63, 0.00
88.93, 21.71, 0.00
89.34, 21.80, 0.00
89.75, 21.89, 0.00
90.15, 21.97, 0.00
90.56, 22.06, 0.00
90.97, 22.15, 0.00
91.37, 22.23, 0.00
91.78, 22.31, 0.00
92.18, 22.40, 0.00
92.58, 22.48, 0.00
92.98, 22.57, 0.00
93.38, 22.65, 0.00
93.78, 22.73, 0.00
94.18, 22.81, 0.00
94.58, 22.90, 0.00
94.98, 22.98, 0.00
95.38, 23.06, 0.00
95.77, 23.14, 0.00
96.17, 23.22, 0.00
96.57, 23.30, 0.00
96.96, 23.38, 0.00
97.35, 23.45, 0.00
97.75, 23.53, 0.00
98.14, 23.61, 0.00
98.53, 23.69, 0.00
98.92, 23.76, 0.00
99.31, 23.84, 0.00
99.70, 23.92, 0.00
100.09, 23.99, 0.00
100.48, 24.07, 0.00
100.86, 24.14, 0.00
101.25, 24.22, 0.00
101.64, 24.29, 0.00
102.02, 24.36, 0.00
102.40, 24.44, 0.00
102.79, 24.51, 0.00
103.17, 24.58, 0.00
103.55, 24.65, 0.00
103.93, 24.72, 0.00
104.32, 24.79, 0.00
104.70, 24.86, 0.00
105.08, 24.93, 0.00
105.45, 25.00, 0.00
105.83, 25.07, 0.00
106.21, 25.14, 0.00
106.59, 25.21, 0.00
106.96, 25.28, 0.00
107.34, 25.34, 0.00
107.71, 25.41, 0.00
108.09, 25.48, 0.00
108.46, 25.54, 0.00
108.83, 25.61, 0.00
109.21, 25.67, 0.00
109.58, 25.74, 0.00
109.95, 25.80, 0.00
110.32, 25.86, 0.00
110.69, 25.93, 0.00
111.06, 25.99, 0.00
111.43, 26.05, 0.00
111.79, 26.11, 0.00
112.16, 26.18, 0.00
112.53, 26.24, 0.00
112.89, 26.30, 0.00
113.26, 26.36, 0.00
113.62, 26.42, 0.00
113.99, 26.47, 0.00
114.35, 26.53, 0.00
114.71, 26.59, 0.00
115.08, 26.65, 0.00
115.44, 26.71, 0.00
115.80, 26.76, 0.00
116.16, 26.82, 0.00
116.52, 26.88, 0.00
116.88, 26.93, 0.00
117.23, 26.99, 0.00
117.59, 27.04, 0.00
117.95, 27.09, 0.00
118.31, 27.15, 0.00
118.66, 27.20, 0.00
119.02, 27.25, 0.00
119.37, 27.31, 0.00
119.73, 27.36, 0.00
120.08, 27.41, 0.00
120.43, 27.46, 0.00
120.79, 27.51, 0.00
121.14, 27.56, 0.00
121.49, 27.61, 0.00
121.84, 27.66, 0.00
122.19, 27.71, 0.00
122.54, 27.76, 0.00
122.89, 27.81, 0.00
123.24, 27.85, 0.00
123.59, 27.90, 0.00
123.93, 27.95, 0.00
124.28, 27.99, 0.00
124.63, 28.04, 0.00
124.97, 28.08, 0.00
125.32, 28.13, 0.00
125.66, 28.17, 0.00
126.01, 28.22, 0.00
126.35, 28.26, 0.00
126.69, 28.30, 0.00
127.04, 28.34, 0.00
127.38, 28.39, 0.00
127.72, 28.43, 0.00
128.06, 28.47, 0.00
128.40, 28.51, 0.00
128.74, 28.55, 0.00
129.08, 28.59, 0.00
129.42, 28.63, 0.00
129.76, 28.67, 0.00
130.09, 28.70, 0.00
130.43, 28.74, 0.00
130.77, 28.78, 0.00
131.10, 28.82, 0.00
131.44, 28.85, 0.00
131.77, 28.89, 0.00
132.11, 28.92, 0.00
132.44, 28.96, 0.00
132.78, 28.99, 0.00
133.11, 29.03, 0.00
133.44, 29.06, 0.00
133.77, 29.10, 0.00
134.10, 29.13, 0.00
134.44, 29.16, 0.00
134.77, 29.19, 0.00
135.10, 29.22, 0.00
135.43, 29.26, 0.00
135.75, 29.29, 0.00
136.08, 29.32, 0.00
136.41, 29.35, 0.00
136.74, 29.37, 0.00
137.07, 29.40, 0.00
137.39, 29.43, 0.00
137.72, 29.46, 0.00
138.04, 29.49, 0.00
138.37, 29.51, 0.00
138.69, 29.54, 0.00
139.02, 29.57, 0.00
139.34, 29.59, 0.00
139.66, 29.62, 0.00
139.99, 29.64, 0.00
140.31, 29.67, 0.00
140.63, 29.69, 0.00
140.95, 29.71, 0.00
141.27, 29.74, 0.00
141.59, 29.76, 0.00
141.91, 29.78, 0.00
142.23, 29.80, 0.00
142.55, 29.82, 0.00
142.87, 29.84, 0.00
143.19, 29.86, 0.00
143.50, 29.88, 0.00
143.82, 29.90, 0.00
144.14, 29.92, 0.00
144.45, 29.94, 0.00
144.77, 29.96, 0.00
145.08, 29.97, 0.00
145.40, 29.99, 0.00
145.71, 30.01, 0.00
146.03, 30.02, 0.00
146.34, 30.04, 0.00
146.65, 30.05, 0.00
146.97, 30.07, 0.00
147.28, 30.08, 0.00
147.59, 30.10, 0.00
147.90, 30.11, 0.00
148.21, 30.12, 0.00
148.52, 30.13, 0.00
148.83, 30.15, 0.00
149.14, 30.16, 0.00
149.45, 30.17, 0.00
149.76, 30.18, 0.00
150.07, 30.19, 0.00
150.38, 30.20, 0.00
150.68, 30.21, 0.00
150.99, 30.22, 0.00
151.30, 30.23, 0.00
151.60, 30.23, 0.00
151.91, 30.24, 0.00
152.21, 30.25, 0.00
152.52, 30.25, 0.00
152.82, 30.26, 0.00
153.13, 30.27, 0.00
153.43, 30.27, 0.00
153.73, 30.27, 0.00
154.04, 30.28, 0.00
154.34, 30.28, 0.00
154.64, 30.29, 0.00
154.94, 30.29, 0.00
155.24, 30.29, 0.00
155.55, 30.29, 0.00
155.85, 30.29, 0.00
156.15, 30.30, 0.00
156.45, 30.30, 0.00
156.74, 30.30, 0.00
157.04, 30.30, 0.00
157.34, 30.29, 0.00
157.64, 30.29, 0.00
157.94, 30.29, 0.00
158.24, 30.29, 0.00
158.53, 30.29, 0.00
158.83, 30.28, 0.00
159.12, 30.28, 0.00
159.42, 30.28, 0.00
159.72, 30.27, 0.00
160.01, 30.27, 0.00
160.31, 30.26, 0.00
160.60, 30.25, 0.00
160.89, 30.25, 0.00
161.19, 30.24, 0.00
161.48, 30.23, 0.00
161.77, 30.23, 0.00
162.06, 30.22, 0.00
162.36, 30.21, 0.00
162.65, 30.20, 0.00
162.94, 30.19, 0.00
163.23, 30.18, 0.00
163.52, 30.17, 0.00
163.81, 30.16, 0.00
164.10, 30.15, 0.00
164.39, 30.14, 0.00
164.68, 30.13, 0.00
164.97, 30.11, 0.00
165.26, 30.10, 0.00
165.54, 30.09, 0.00
165.83, 30.07, 0.00
166.12, 30.06, 0.00
166.41, 30.04, 0.00
166.69, 30.03, 0.00
166.98, 30.01, 0.00
167.26, 29.99, 0.00
167.55, 29.98, 0.00
167.83, 29.96, 0.00
168.12, 29.94, 0.00
168.40, 29.93, 0.00
168.69, 29.91, 0.00
168.97, 29.89, 0.00
169.26, 29.87, 0.00
169.54, 29.85, 0.00
169.82, 29.83, 0.00
170.10, 29.81, 0.00
170.39, 29.79, 0.00
170.67, 29.76, 0.00
170.95, 29.74, 0.00
171.23, 29.72, 0.00
171.51, 29.70, 0.00
171.79, 29.67, 0.00
172.07, 29.65, 0.00
172.35, 29.62, 0.00
172.63, 29.60, 0.00
172.91, 29.57, 0.00
173.19, 29.55, 0.00
173.47, 29.52, 0.00
173.74, 29.50, 0.00
174.02, 29.47, 0.00
174.30, 29.44, 0.00
174.58, 29.41, 0.00
174.85, 29.38, 0.00
175.13, 29.36, 0.00
175.41, 29.33, 0.00
175.68, 29.30, 0.00
175.96, 29.27, 0.00
176.23, 29.24, 0.00
176.51, 29.20, 0.00
176.78, 29.17, 0.00
177.06, 29.14, 0.00
177.33, 29.11, 0.00
177.60, 29.08, 0.00
177.88, 29.04, 0.00
178.15, 29.01, 0.00
178.42, 28.97, 0.00
178.69, 28.94, 0.00
178.97, 28.90, 0.00
179.24, 28.87, 0.00
179.51, 28.83, 0.00
179.78, 28.80, 0.00
180.05, 28.76, 0.00
180.32, 28.72, 0.00
180.59, 28.68, 0.00
180.86, 28.64, 0.00
181.13, 28.61, 0.00
181.40, 28.57, 0.00
181.67, 28.53, 0.00
181.94, 28.49, 0.00
182.21, 28.45, 0.00
182.48, 28.41, 0.00
182.74, 28.36, 0.00
183.01, 28.32, 0.00
183.28, 28.28, 0.00
183.55, 28.24, 0.00
183.81, 28.19, 0.00
184.08, 28.15, 0.00
184.35, 28.11, 0.00
184.61, 28.06, 0.00
184.88, 28.02, 0.00
185.14, 27.97, 0.00
185.41, 27.93, 0.00
185.67, 27.88, 0.00
185.94, 27.83, 0.00
186.20, 27.79, 0.00
186.47, 27.74, 0.00
186.73, 27.69, 0.00
186.99, 27.64, 0.00
187.26, 27.59, 0.00
187.52, 27.54, 0.00
187.78, 27.49, 0.00
188.04, 27.44, 0.00
188.31, 27.39, 0.00
188.57, 27.34, 0.00
188.83, 27.29, 0.00
189.09, 27.24, 0.00
189.35, 27.18, 0.00
189.61, 27.13, 0.00
189.87, 27.08, 0.00
190.13, 27.02, 0.00
190.39, 26.97, 0.00
190.65, 26.91, 0.00
190.91, 26.86, 0.00
191.17, 26.80, 0.00
191.43, 26.75, 0.00
191.69, 26.69, 0.00
191.95, 26.63, 0.00
192.20, 26.58, 0.00
192.46, 26.52, 0.00
192.72, 26.46, 0.00
192.98, 26.40, 0.00
193.23, 26.34, 0.00
193.49, 26.28, 0.00
193.75, 26.22, 0.00
194.00, 26.16, 0.00
194.26, 26.10, 0.00
194.51, 26.04, 0.00
194.77, 25.98, 0.00
195.02, 25.92, 0.00
195.28, 25.85, 0.00
195.53, 25.79, 0.00
195.79, 25.73, 0.00
196.04, 25.66, 0.00
196.30, 25.60, 0.00
196.55, 25.54, 0.00
196.80, 25.47, 0.00
197.06, 25.40, 0.00
197.31, 25.34, 0.00
197.56, 25.27, 0.00
197.82, 25.20, 0.00
198.07, 25.14, 0.00
198.32, 25.07, 0.00
198.57, 25.00, 0.00
198.82, 24.93, 0.00
199.07, 24.86, 0.00
199.33, 24.79, 0.00
199.58, 24.72, 0.00
199.83, 24.65, 0.00
200.08, 24.58, 0.00
200.33, 24.51, 0.00
200.58, 24.44, 0.00
200.83, 24.37, 0.00
201.08, 24.29, 0.00
201.33, 24.22, 0.00
201.58, 24.15, 0.00
201.82, 24.07, 0.00
202.07, 24.00, 0.00
202.32, 23.92, 0.00
202.57, 23.85, 0.00
202.82, 23.77, 0.00
203.06, 23.70, 0.00
203.31, 23.62, 0.00
203.56, 23.54, 0.00
203.81, 23.47, 0.00
204.05, 23.39, 0.00
204.30, 23.31, 0.00
204.55, 23.23, 0.00
204.79, 23.15, 0.00
205.04, 23.07, 0.00
205.28, 22.99, 0.00
205.53, 22.91, 0.00
205.77, 22.83, 0.00
206.02, 22.75, 0.00
206.26, 22.67, 0.00
206.51, 22.59, 0.00
206.75, 22.51, 0.00
207.00, 22.42, 0.00
207.24, 22.34, 0.00
207.48, 22.26, 0.00
207.73, 22.17, 0.00
207.97, 22.09, 0.00
208.21, 22.00, 0.00
208.46, 21.92, 0.00
208.70, 21.83, 0.00
208.94, 21.74, 0.00
209.18, 21.66, 0.00
209.43, 21.57, 0.00
209.67, 21.48, 0.00
209.91, 21.39, 0.00
210.15, 21.31, 0.00
210.39, 21.22, 0.00
210.63, 21.13, 0.00
210.87, 21.04, 0.00
211.11, 20.95, 0.00
211.35, 20.86, 0.00
211.59, 20.77, 0.00
211.83, 20.67, 0.00
212.07, 20.58, 0.00
212.31, 20.49, 0.00
212.55, 20.40, 0.00
212.79, 20.30, 0.00
213.03, 20.21, 0.00
213.27, 20.12, 0.00
213.51, 20.02, 0.00
213.75, 19.93, 0.00
213.99, 19.83, 0.00
214.22, 19.74, 0.00
214.46, 19.64, 0.00
214.70, 19.54, 0.00
214.94, 19.45, 0.00
215.17, 19.35, 0.00
215.41, 19.25, 0.00
215.65, 19.15, 0.00
215.88, 19.06, 0.00
216.12, 18.96, 0.00
216.36, 18.86, 0.00
216.59, 18.76, 0.00
216.83, 18.66, 0.00
217.06, 18.56, 0.00
217.30, 18.46, 0.00
217.54, 18.35, 0.00
217.77, 18.25, 0.00
218.01, 18.15, 0.00
218.24, 18.05, 0.00
218.47, 17.94, 0.00
218.71, 17.84, 0.00
218.94, 17.74, 0.00
219.18, 17.63, 0.00
219.41, 17.53, 0.00
219.64, 17.42, 0.00
219.88, 17.32, 0.00
220.11, 17.21, 0.00
220.34, 17.11, 0.00
220.58, 17.00, 0.00
220.81, 16.89, 0.00
221.04, 16.78, 0.00
221.28, 16.68, 0.00
221.51, 16.57, 0.00
221.74, 16.46, 0.00
221.97, 16.35, 0.00
222.20, 16.24, 0.00
222.43, 16.13, 0.00
222.67, 16.02, 0.00
222.90, 15.91, 0.00
223.13, 15.80, 0.00
223.36, 15.68, 0.00
223.59, 15.57, 0.00
223.82, 15.46, 0.00
224.05, 15.35, 0.00
224.28, 15.23, 0.00
224.51, 15.12, 0.00
224.74, 15.01, 0.00
224.97, 14.89, 0.00
225.20, 14.78, 0.00
225.43, 14.66, 0.00
225.66, 14.54, 0.00
225.89, 14.43, 0.00
226.12, 14.31, 0.00
226.35, 14.19, 0.00
226.57, 14.08, 0.00
226.80, 13.96, 0.00
227.03, 13.84, 0.00
227.26, 13.72, 0.00
227.49, 13.60, 0.00
227.71, 13.48, 0.00
227.94, 13.36, 0.00
228.17, 13.24, 0.00
228.40, 13.12, 0.00
228.62, 13.00, 0.00
228.85, 12.88, 0.00
229.08, 12.76, 0.00
229.30, 12.64, 0.00
229.53, 12.51, 0.00
229.76, 12.39, 0.00
229.98, 12.27, 0.00
230.21, 12.14, 0.00
230.43, 12.02, 0.00
230.66, 11.89, 0.00
230.89, 11.77, 0.00
231.11, 11.64, 0.00
231.34, 11.52, 0.00
231.56, 11.39, 0.00
231.79, 11.27, 0.00
232.01, 11.14, 0.00
232.24, 11.01, 0.00
232.46, 10.88, 0.00
232.68, 10.76, 0.00
232.91, 10.63, 0.00
233.13, 10.50, 0.00
233.36, 10.37, 0.00
233.58, 10.24, 0.00
233.80, 10.11, 0.00
234.03, 9.98, 0.00
234.25, 9.85, 0.00
234.47, 9.72, 0.00
234.70, 9.58, 0.00
234.92, 9.45, 0.00
235.14, 9.32, 0.00
235.36, 9.19, 0.00
235.59, 9.05, 0.00
235.81, 8.92, 0.00
236.03, 8.78, 0.00
236.25, 8.65, 0.00
236.47, 8.52, 0.00
236.70, 8.38, 0.00
236.92, 8.24, 0.00
237.14, 8.11, 0.00
237.36, 7.97, 0.00
237.58, 7.83, 0.00
237.80, 7.70, 0.00
238.02, 7.56, 0.00
238.24, 7.42, 0.00
238.46, 7.28, 0.00
238.68, 7.14, 0.00
238.91, 7.01, 0.00
239.13, 6.87, 0.00
239.35, 6.73, 0.00
239.57, 6.59, 0.00
239.78, 6.45, 0.00
240.00, 6.30, 0.00
240.22, 6.16, 0.00
240.44, 6.02, 0.00
240.66, 5.88, 0.00
240.88, 5.74, 0.00
241.10, 5.59, 0.00
241.32, 5.45, 0.00
241.54, 5.31, 0.00
241.76, 5.16, 0.00
241.97, 5.02, 0.00
242.19, 4.87, 0.00
242.41, 4.73, 0.00
242.63, 4.58, 0.00
242.85, 4.44, 0.00
243.07, 4.29, 0.00
243.28, 4.14, 0.00
243.50, 4.00, 0.00
243.72, 3.85, 0.00
243.93, 3.70, 0.00
244.15, 3.55, 0.00
244.37, 3.40, 0.00
244.59, 3.25, 0.00
244.80, 3.10, 0.00
245.02, 2.95, 0.00
245.24, 2.80, 0.00
245.45, 2.65, 0.00
245.67, 2.50, 0.00
245.88, 2.35, 0.00
246.10, 2.20, 0.00
246.32, 2.05, 0.00
246.53, 1.90, 0.00
246.75, 1.74, 0.00
246.96, 1.59, 0.00
247.18, 1.44, 0.00
247.39, 1.28, 0.00
247.61, 1.13, 0.00
247.82, 0.97, 0.00
248.04, 0.82, 0.00
248.25, 0.66, 0.00
248.47, 0.51, 0.00
248.68, 0.35, 0.00
248.90, 0.19, 0.00
249.11, 0.04, 0.00
249.18, 0.01, 0.00
249.25, 0.08, 0.00
249.33, 0.14, 0.00
249.41, 0.21, 0.00
249.49, 0.28, 0.00
249.57, 0.34, 0.00
249.65, 0.41, 0.00
249.73, 0.47, 0.00
249.80, 0.53, 0.00
249.88, 0.59, 0.00
249.96, 0.65, 0.00
250.04, 0.71, 0.00
250.12, 0.77, 0.00
250.20, 0.83, 0.00
250.28, 0.89, 0.00
250.35, 0.94, 0.00
250.43, 1.00, 0.00
250.51, 1.05, 0.00
250.59, 1.11, 0.00
250.67, 1.16, 0.00
250.75, 1.21, 0.00
250.82, 1.26, 0.00
250.90, 1.31, 0.00
250.98, 1.36, 0.00
251.06, 1.41, 0.00
251.14, 1.46, 0.00
251.22, 1.50, 0.00
251.29, 1.55, 0.00
251.37, 1.59, 0.00
251.45, 1.64, 0.00
251.53, 1.68, 0.00
251.61, 1.72, 0.00
251.68, 1.77, 0.00
251.76, 1.81, 0.00
251.84, 1.85, 0.00
251.92, 1.89, 0.00
252.00, 1.92, 0.00
252.07, 1.96, 0.00
252.15, 2.00, 0.00
252.23, 2.03, 0.00
252.31, 2.07, 0.00
252.39, 2.10, 0.00
252.46, 2.14, 0.00
252.54, 2.17, 0.00
252.62, 2.20, 0.00
252.70, 2.23, 0.00
252.77, 2.26, 0.00
252.85, 2.29, 0.00
252.93, 2.32, 0.00
253.01, 2.35, 0.00
253.08, 2.37, 0.00
253.16, 2.40, 0.00
253.24, 2.42, 0.00
253.32, 2.45, 0.00
253.39, 2.47, 0.00
253.47, 2.49, 0.00
253.55, 2.51, 0.00
253.63, 2.53, 0.00
253.70, 2.55, 0.00
253.78, 2.57, 0.00
253.86, 2.59, 0.00
253.93, 2.61, 0.00
254.01, 2.63, 0.00
254.09, 2.64, 0.00
254.16, 2.66, 0.00
254.24, 2.67, 0.00
254.32, 2.68, 0.00
254.39, 2.70, 0.00
254.47, 2.71, 0.00
254.55, 2.72, 0.00
254.62, 2.73, 0.00
254.70, 2.74, 0.00
254.78, 2.75, 0.00
254.85, 2.75, 0.00
254.93, 2.76, 0.00
255.01, 2.77, 0.00
255.08, 2.77, 0.00
255.16, 2.77, 0.00
255.23, 2.78, 0.00
255.31, 2.78, 0.00
255.39, 2.78, 0.00
255.46, 2.78, 0.00
255.54, 2.78, 0.00
255.61, 2.78, 0.00
255.69, 2.78, 0.00
255.76, 2.78, 0.00
255.84, 2.78, 0.00
255.92, 2.77, 0.00
255.99, 2.77, 0.00
256.07, 2.76, 0.00
256.14, 2.76, 0.00
256.22, 2.75, 0.00
256.29, 2.74, 0.00
256.37, 2.73, 0.00
256.44, 2.72, 0.00
256.52, 2.71, 0.00
256.59, 2.70, 0.00
256.67, 2.69, 0.00
256.74, 2.68, 0.00
256.82, 2.66, 0.00
256.89, 2.65, 0.00
256.97, 2.64, 0.00
257.04, 2.62, 0.00
257.12, 2.60, 0.00
257.19, 2.59, 0.00
257.26, 2.57, 0.00
257.34, 2.55, 0.00
257.41, 2.53, 0.00
257.49, 2.51, 0.00
257.56, 2.49, 0.00
257.63, 2.46, 0.00
257.71, 2.44, 0.00
257.78, 2.42, 0.00
257.86, 2.39, 0.00
257.93, 2.37, 0.00
258.00, 2.34, 0.00
258.08, 2.31, 0.00
258.15, 2.29, 0.00
258.22, 2.26, 0.00
258.30, 2.23, 0.00
258.37, 2.20, 0.00
258.44, 2.17, 0.00
258.51, 2.14, 0.00
258.59, 2.10, 0.00
258.66, 2.07, 0.00
258.73, 2.04, 0.00
258.81, 2.00, 0.00
258.88, 1.97, 0.00
258.95, 1.93, 0.00
259.02, 1.89, 0.00
259.09, 1.86, 0.00
259.17, 1.82, 0.00
259.24, 1.78, 0.00
259.31, 1.74, 0.00
259.38, 1.70, 0.00
259.45, 1.65, 0.00
259.53, 1.61, 0.00
259.60, 1.57, 0.00
259.67, 1.52, 0.00
259.74, 1.48, 0.00
259.81, 1.43, 0.00
259.88, 1.39, 0.00
259.95, 1.34, 0.00
260.02, 1.29, 0.00
260.10, 1.24, 0.00
260.17, 1.19, 0.00
260.24, 1.14, 0.00
260.31, 1.09, 0.00
260.38, 1.04, 0.00
260.45, 0.99, 0.00
260.52, 0.94, 0.00
260.59, 0.88, 0.00
260.66, 0.83, 0.00
260.73, 0.77, 0.00
260.80, 0.72, 0.00
260.87, 0.66, 0.00
260.94, 0.60, 0.00
261.01, 0.54, 0.00
261.08, 0.48, 0.00
261.15, 0.42, 0.00
261.22, 0.36, 0.00
261.28, 0.30, 0.00
261.35, 0.24, 0.00
261.42, 0.17, 0.00
261.49, 0.11, 0.00
261.56, 0.05, 0.00
261.62, 0.00, 0.00
261.65, 0.04, 0.00
261.69, 0.08, 0.00
261.73, 0.11, 0.00
261.77, 0.15, 0.00
261.81, 0.18, 0.00
261.85, 0.21, 0.00
261.89, 0.24, 0.00
261.93, 0.27, 0.00
261.97, 0.30, 0.00
262.01, 0.33, 0.00
262.04, 0.36, 0.00
262.08, 0.39, 0.00
262.12, 0.41, 0.00
262.16, 0.44, 0.00
262.20, 0.47, 0.00
262.24, 0.49, 0.00
262.28, 0.51, 0.00
262.32, 0.54, 0.00
262.36, 0.56, 0.00
262.39, 0.58, 0.00
262.43, 0.60, 0.00
262.47, 0.62, 0.00
262.51, 0.64, 0.00
262.55, 0.66, 0.00
262.59, 0.67, 0.00
262.63, 0.69, 0.00
262.67, 0.71, 0.00
262.71, 0.72, 0.00
262.74, 0.74, 0.00
262.78, 0.75, 0.00
262.82, 0.76, 0.00
262.86, 0.77, 0.00
262.90, 0.78, 0.00
262.94, 0.79, 0.00
262.98, 0.80, 0.00
263.02, 0.81, 0.00
263.05, 0.82, 0.00
263.09, 0.83, 0.00
263.13, 0.83, 0.00
263.17, 0.84, 0.00
263.21, 0.84, 0.00
263.25, 0.85, 0.00
263.29, 0.85, 0.00
263.32, 0.85, 0.00
263.36, 0.86, 0.00
263.40, 0.86, 0.00
263.44, 0.86, 0.00
263.48, 0.86, 0.00
263.52, 0.85, 0.00
263.55, 0.85, 0.00
263.59, 0.85, 0.00
263.63, 0.85, 0.00
263.67, 0.84, 0.00
263.71, 0.84, 0.00
263.75, 0.83, 0.00
263.78, 0.82, 0.00
263.82, 0.82, 0.00
263.86, 0.81, 0.00
263.90, 0.80, 0.00
263.94, 0.79, 0.00
263.97, 0.78, 0.00
264.01, 0.77, 0.00
264.05, 0.75, 0.00
264.09, 0.74, 0.00
264.13, 0.73, 0.00
264.16, 0.71, 0.00
264.20, 0.70, 0.00
264.24, 0.68, 0.00
264.28, 0.67, 0.00
264.31, 0.65, 0.00
264.35, 0.63, 0.00
264.39, 0.61, 0.00
264.43, 0.59, 0.00
264.47, 0.57, 0.00
264.50, 0.55, 0.00
264.54, 0.53, 0.00
264.58, 0.50, 0.00
264.61, 0.48, 0.00
264.65, 0.46, 0.00
264.69, 0.43, 0.00
264.73, 0.41, 0.00
264.76, 0.38, 0.00
264.80, 0.35, 0.00
264.84, 0.32, 0.00
264.88, 0.29, 0.00
264.91, 0.26, 0.00
264.95, 0.23, 0.00
264.99, 0.20, 0.00
265.02, 0.17, 0.00
265.06, 0.14, 0.00
265.10, 0.11, 0.00
265.13, 0.07, 0.00
265.17, 0.04, 0.00
265.21, 0.00, 0.00
265.21, 0.00, 0.00
265.24, 0.02, 0.00
265.26, 0.05, 0.00
265.28, 0.07, 0.00
265.30, 0.09, 0.00
265.33, 0.10, 0.00
265.35, 0.12, 0.00
265.37, 0.14, 0.00
265.39, 0.16, 0.00
265.42, 0.17, 0.00
265.44, 0.19, 0.00
265.46, 0.20, 0.00
265.49, 0.22, 0.00
265.51, 0.23, 0.00
265.53, 0.24, 0.00
265.55, 0.25, 0.00
265.58, 0.26, 0.00
265.60, 0.27, 0.00
265.62, 0.28, 0.00
265.64, 0.29, 0.00
265.67, 0.30, 0.00
265.69, 0.30, 0.00
265.71, 0.31, 0.00
265.73, 0.32, 0.00
265.76, 0.32, 0.00
265.78, 0.32, 0.00
265.80, 0.33, 0.00
265.82, 0.33, 0.00
265.85, 0.33, 0.00
265.87, 0.33, 0.00
265.89, 0.33, 0.00
265.91, 0.33, 0.00
265.94, 0.33, 0.00
265.96, 0.33, 0.00
265.98, 0.32, 0.00
266.00, 0.32, 0.00
266.03, 0.31, 0.00
266.05, 0.31, 0.00
266.07, 0.30, 0.00
266.09, 0.30, 0.00
266.12, 0.29, 0.00
266.14, 0.28, 0.00
266.16, 0.27, 0.00
266.18, 0.26, 0.00
266.20, 0.25, 0.00
266.23, 0.24, 0.00
266.25, 0.23, 0.00
266.27, 0.21, 0.00
266.29, 0.20, 0.00
266.32, 0.19, 0.00
266.34, 0.17, 0.00
266.36, 0.16, 0.00
266.38, 0.14, 0.00
266.40, 0.12, 0.00
266.43, 0.10, 0.00
266.45, 0.08, 0.00
266.47, 0.06, 0.00
266.49, 0.04, 0.00
266.52, 0.02, 0.00
266.54, 0.00, 0.00
266.54, 0.00, 0.00
266.56, 0.02, 0.00
266.57, 0.03, 0.00
266.58, 0.04, 0.00
266.60, 0.06, 0.00
266.61, 0.07, 0.00
266.63, 0.08, 0.00
266.64, 0.09, 0.00
266.66, 0.10, 0.00
266.67, 0.11, 0.00
266.68, 0.11, 0.00
266.70, 0.12, 0.00
266.71, 0.13, 0.00
266.73, 0.13, 0.00
266.74, 0.14, 0.00
266.76, 0.14, 0.00
266.77, 0.14, 0.00
266.78, 0.15, 0.00
266.80, 0.15, 0.00
266.81, 0.15, 0.00
266.83, 0.15, 0.00
266.84, 0.15, 0.00
266.85, 0.15, 0.00
266.87, 0.14, 0.00
266.88, 0.14, 0.00
266.90, 0.14, 0.00
266.91, 0.13, 0.00
266.93, 0.13, 0.00
266.94, 0.12, 0.00
266.95, 0.12, 0.00
266.97, 0.11, 0.00
266.98, 0.10, 0.00
267.00, 0.09, 0.00
267.01, 0.08, 0.00
267.02, 0.07, 0.00
267.04, 0.06, 0.00
267.05, 0.05, 0.00
267.07, 0.04, 0.00
267.08, 0.02, 0.00
267.09, 0.01, 0.00
267.11, 0.00, 0.00
267.12, 0.01, 0.00
267.12, 0.02, 0.00
267.13, 0.03, 0.00
267.14, 0.04, 0.00
267.15, 0.04, 0.00
267.16, 0.05, 0.00
267.17, 0.06, 0.00
267.18, 0.06, 0.00
267.19, 0.07, 0.00
267.20, 0.07, 0.00
267.21, 0.07, 0.00
267.22, 0.07, 0.00
267.23, 0.07, 0.00
267.23, 0.08, 0.00
267.24, 0.07, 0.00
267.25, 0.07, 0.00
267.26, 0.07, 0.00
267.27, 0.07, 0.00
267.28, 0.07, 0.00
267.29, 0.06, 0.00
267.30, 0.06, 0.00
267.31, 0.05, 0.00
267.32, 0.05, 0.00
267.33, 0.04, 0.00
267.34, 0.03, 0.00
267.35, 0.02, 0.00
267.35, 0.01, 0.00
267.36, 0.00, 0.00
267.37, 0.00, 0.00
267.37, 0.01, 0.00
267.38, 0.02, 0.00
267.39, 0.02, 0.00
267.39, 0.03, 0.00
267.40, 0.03, 0.00
267.40, 0.03, 0.00
267.41, 0.04, 0.00
267.42, 0.04, 0.00
267.42, 0.04, 0.00
267.43, 0.04, 0.00
267.43, 0.04, 0.00
267.44, 0.04, 0.00
267.45, 0.04, 0.00
267.45, 0.04, 0.00
267.46, 0.03, 0.00
267.46, 0.03, 0.00
267.47, 0.03, 0.00
267.48, 0.02, 0.00
267.48, 0.02, 0.00
267.49, 0.01, 0.00
267.49, 0.00, 0.00
267.50, 0.00, 0.00
267.50, 0.01, 0.00
267.50, 0.01, 0.00
267.51, 0.02, 0.00
267.51, 0.02, 0.00
267.51, 0.02, 0.00
267.52, 0.02, 0.00
267.52, 0.03, 0.00
267.53, 0.03, 0.00
267.53, 0.03, 0.00
267.53, 0.02, 0.00
267.54, 0.02, 0.00
267.54, 0.02, 0.00
267.55, 0.02, 0.00
267.55, 0.01, 0.00
267.55, 0.01, 0.00
267.56, 0.00, 0.00
267.56, 0.00, 0.00
267.56, 0.01, 0.00
267.56, 0.01, 0.00
267.57, 0.01, 0.00
267.57, 0.01, 0.00
267.57, 0.02, 0.00
267.57, 0.02, 0.00
267.58, 0.02, 0.00
267.58, 0.02, 0.00
267.58, 0.01, 0.00
267.58, 0.01, 0.00
267.59, 0.01, 0.00
267.59, 0.01, 0.00
267.59, 0.00, 0.00
267.59, 0.00, 0.00
267.59, 0.00, 0.00
267.59, 0.01, 0.00
267.59, 0.01, 0.00
267.60, 0.01, 0.00
267.60, 0.01, 0.00
267.60, 0.01, 0.00
267.60, 0.01, 0.00
267.60, 0.01, 0.00
267.60, 0.01, 0.00
267.60, 0.00, 0.00
267.64, 0.00, 0.00
