Head Speed           0 mph
Ball Speed         164 mph
Launch Angle      16.3 deg
Back Spin         3750 rpm
Deviation Angle    0.0 deg
Side Spin            0 rpm
Distance           277 yds


0.08, 0.02, 0.00
0.72, 0.21, 0.00
1.36, 0.40, 0.00
2.00, 0.59, 0.00
2.64, 0.78, 0.00
3.27, 0.96, 0.00
3.90, 1.15, 0.00
4.53, 1.34, 0.00
5.16, 1.53, 0.00
5.79, 1.71, 0.00
6.41, 1.90, 0.00
7.04, 2.09, 0.00
7.66, 2.28, 0.00
8.27, 2.46, 0.00
8.89, 2.65, 0.00
9.51, 2.84, 0.00
10.12, 3.02, 0.00
10.73, 3.21, 0.00
11.34, 3.40, 0.00
11.95, 3.58, 0.00
12.55, 3.77, 0.00
13.16, 3.95, 0.00
13.76, 4.14, 0.00
14.36, 4.32, 0.00
14.95, 4.51, 0.00
15.55, 4.69, 0.00
16.15, 4.88, 0.00
16.74, 5.06, 0.00
17.33, 5.25, 0.00
17.92, 5.43, 0.00
18.51, 5.62, 0.00
19.09, 5.80, 0.00
19.68, 5.99, 0.00
20.26, 6.17, 0.00
20.84, 6.35, 0.00
21.42, 6.54, 0.00
21.99, 6.72, 0.00
22.57, 6.90, 0.00
23.14, 7.08, 0.00
23.71, 7.27, 0.00
24.28, 7.45, 0.00
24.85, 7.63, 0.00
25.42, 7.81, 0.00
25.98, 7.99, 0.00
26.55, 8.17, 0.00
27.11, 8.35, 0.00
27.67, 8.54, 0.00
28.23, 8.72, 0.00
28.79, 8.90, 0.00
29.34, 9.08, 0.00
29.89, 9.26, 0.00
30.45, 9.43, 0.00
31.00, 9.61, 0.00
31.55, 9.79, 0.00
32.09, 9.97, 0.00
32.64, 10.15, 0.00
33.18, 10.33, 0.00
33.73, 10.51, 0.00
34.27, 10.68, 0.00
34.81, 10.86, 0.00
35.35, 11.04, 0.00
35.88, 11.21, 0.00
36.42, 11.39, 0.00
36.95, 11.57, 0.00
37.48, 11.74, 0.00
38.01, 11.92, 0.00
38.54, 12.09, 0.00
39.07, 12.27, 0.00
39.60, 12.44, 0.00
40.12, 12.62, 0.00
40.64, 12.79, 0.00
41.17, 12.97, 0.00
41.69, 13.14, 0.00
42.20, 13.31, 0.00
42.72, 13.49, 0.00
43.24, 13.66, 0.00
43.75, 13.83, 0.00
44.27, 14.00, 0.00
44.78, 14.17, 0.00
45.29, 14.34, 0.00
45.80, 14.52, 0.00
46.30, 14.69, 0.00
46.81, 14.86, 0.00
47.31, 15.03, 0.00
47.82, 15.20, 0.00
48.32, 15.37, 0.00
48.82, 15.53, 0.00
49.32, 15.70, 0.00
49.82, 15.87, 0.00
50.31, 16.04, 0.00
50.81, 16.21, 0.00
51.30, 16.37, 0.00
51.80, 16.54, 0.00
52.29, 16.71, 0.00
52.78, 16.87, 0.00
53.27, 17.04, 0.00
53.75, 17.21, 0.00
54.24, 17.37, 0.00
54.72, 17.54, 0.00
55.21, 17.70, 0.00
55.69, 17.87, 0.00
56.17, 18.03, 0.00
56.65, 18.19, 0.00
57.13, 18.36, 0.00
57.60, 18.52, 0.00
58.08, 18.68, 0.00
58.55, 18.84, 0.00
59.03, 19.00, 0.00
59.50, 19.17, 0.00
59.97, 19.33, 0.00
60.44, 19.49, 0.00
60.91, 19.65, 0.00
61.38, 19.81, 0.00
61.84, 19.97, 0.00
62.31, 20.13, 0.00
62.77, 20.28, 0.00
63.23, 20.44, 0.00
63.69, 20.60, 0.00
64.15, 20.76, 0.00
64.61, 20.92, 0.00
65.07, 21.07, 0.00
65.53, 21.23, 0.00
65.98, 21.38, 0.00
66.44, 21.54, 0.00
66.89, 21.70, 0.00
67.34, 21.85, 0.00
67.79, 22.00, 0.00
68.24, 22.16, 0.00
68.69, 22.31, 0.00
69.14, 22.47, 0.00
69.58, 22.62, 0.00
70.03, 22.77, 0.00
70.47, 22.92, 0.00
70.91, 23.07, 0.00
71.36, 23.23, 0.00
71.80, 23.38, 0.00
72.24, 23.53, 0.00
72.67, 23.68, 0.00
73.11, 23.83, 0.00
73.55, 23.98, 0.00
73.98, 24.13, 0.00
74.42, 24.27, 0.00
74.85, 24.42, 0.00
75.28, 24.57, 0.00
75.71, 24.72, 0.00
76.14, 24.86, 0.00
76.57, 25.01, 0.00
77.00, 25.16, 0.00
77.43, 25.30, 0.00
77.85, 25.45, 0.00
78.28, 25.59, 0.00
78.70, 25.74, 0.00
79.12, 25.88, 0.00
79.54, 26.02, 0.00
79.96, 26.17, 0.00
80.38, 26.31, 0.00
80.80, 26.45, 0.00
81.22, 26.59, 0.00
81.64, 26.73, 0.00
82.05, 26.88, 0.00
82.47, 27.02, 0.00
82.88, 27.16, 0.00
83.29, 27.30, 0.00
83.70, 27.44, 0.00
84.11, 27.57, 0.00
84.52, 27.71, 0.00
84.93, 27.85, 0.00
85.34, 27.99, 0.00
85.75, 28.13, 0.00
86.15, 28.26, 0.00
86.56, 28.40, 0.00
86.96, 28.53, 0.00
87.36, 28.67, 0.00
87.77, 28.80, 0.00
88.17, 28.94, 0.00
88.57, 29.07, 0.00
88.97, 29.21, 0.00
89.36, 29.34, 0.00
89.76, 29.47, 0.00
90.16, 29.61, 0.00
90.55, 29.74, 0.00
90.95, 29.87, 0.00
91.34, 30.00, 0.00
91.73, 30.13, 0.00
92.13, 30.26, 0.00
92.52, 30.39, 0.00
92.91, 30.52, 0.00
93.30, 30.65, 0.00
93.68, 30.78, 0.00
94.07, 30.90, 0.00
94.46, 31.03, 0.00
94.84, 31.16, 0.00
95.23, 31.29, 0.00
95.61, 31.41, 0.00
96.00, 31.54, 0.00
96.38, 31.66, 0.00
96.76, 31.79, 0.00
97.14, 31.91, 0.00
97.52, 32.04, 0.00
97.90, 32.16, 0.00
98.28, 32.28, 0.00
98.65, 32.41, 0.00
99.03, 32.53, 0.00
99.40, 32.65, 0.00
99.78, 32.77, 0.00
100.15, 32.89, 0.00
100.53, 33.01, 0.00
100.90, 33.13, 0.00
101.27, 33.25, 0.00
101.64, 33.37, 0.00
102.01, 33.49, 0.00
102.38, 33.61, 0.00
102.75, 33.72, 0.00
103.11, 33.84, 0.00
103.48, 33.96, 0.00
103.84, 34.07, 0.00
104.21, 34.19, 0.00
104.57, 34.31, 0.00
104.94, 34.42, 0.00
105.30, 34.53, 0.00
105.66, 34.65, 0.00
106.02, 34.76, 0.00
106.38, 34.88, 0.00
106.74, 34.99, 0.00
107.10, 35.10, 0.00
107.46, 35.21, 0.00
107.81, 35.32, 0.00
108.17, 35.43, 0.00
108.53, 35.54, 0.00
108.88, 35.65, 0.00
109.24, 35.76, 0.00
109.59, 35.87, 0.00
109.94, 35.98, 0.00
110.29, 36.09, 0.00
110.64, 36.20, 0.00
110.99, 36.30, 0.00
111.34, 36.41, 0.00
111.69, 36.52, 0.00
112.04, 36.62, 0.00
112.39, 36.73, 0.00
112.74, 36.83, 0.00
113.08, 36.94, 0.00
113.43, 37.04, 0.00
113.77, 37.14, 0.00
114.12, 37.24, 0.00
114.46, 37.35, 0.00
114.80, 37.45, 0.00
115.14, 37.55, 0.00
115.48, 37.65, 0.00
115.82, 37.75, 0.00
116.16, 37.85, 0.00
116.50, 37.95, 0.00
116.84, 38.05, 0.00
117.18, 38.15, 0.00
117.52, 38.25, 0.00
117.85, 38.35, 0.00
118.19, 38.44, 0.00
118.52, 38.54, 0.00
118.86, 38.64, 0.00
119.19, 38.73, 0.00
119.52, 38.83, 0.00
119.86, 38.92, 0.00
120.19, 39.02, 0.00
120.52, 39.11, 0.00
120.85, 39.20, 0.00
121.18, 39.30, 0.00
121.51, 39.39, 0.00
121.84, 39.48, 0.00
122.16, 39.57, 0.00
122.49, 39.66, 0.00
122.82, 39.75, 0.00
123.14, 39.84, 0.00
123.47, 39.93, 0.00
123.79, 40.02, 0.00
124.12, 40.11, 0.00
124.44, 40.20, 0.00
124.76, 40.29, 0.00
125.08, 40.37, 0.00
125.40, 40.46, 0.00
125.73, 40.55, 0.00
126.05, 40.63, 0.00
126.37, 40.72, 0.00
126.68, 40.80, 0.00
127.00, 40.89, 0.00
127.32, 40.97, 0.00
127.64, 41.06, 0.00
127.95, 41.14, 0.00
128.27, 41.22, 0.00
128.58, 41.30, 0.00
128.90, 41.38, 0.00
129.21, 41.47, 0.00
129.53, 41.55, 0.00
129.84, 41.63, 0.00
130.15, 41.71, 0.00
130.46, 41.78, 0.00
130.78, 41.86, 0.00
131.09, 41.94, 0.00
131.40, 42.02, 0.00
131.71, 42.10, 0.00
132.01, 42.17, 0.00
132.32, 42.25, 0.00
132.63, 42.33, 0.00
132.94, 42.40, 0.00
133.24, 42.48, 0.00
133.55, 42.55, 0.00
133.86, 42.62, 0.00
134.16, 42.70, 0.00
134.46, 42.77, 0.00
134.77, 42.84, 0.00
135.07, 42.91, 0.00
135.37, 42.99, 0.00
135.68, 43.06, 0.00
135.98, 43.13, 0.00
136.28, 43.20, 0.00
136.58, 43.27, 0.00
136.88, 43.34, 0.00
137.18, 43.40, 0.00
137.48, 43.47, 0.00
137.78, 43.54, 0.00
138.07, 43.61, 0.00
138.37, 43.67, 0.00
138.67, 43.74, 0.00
138.96, 43.81, 0.00
139.26, 43.87, 0.00
139.56, 43.94, 0.00
139.85, 44.00, 0.00
140.14, 44.06, 0.00
140.44, 44.13, 0.00
140.73, 44.19, 0.00
141.02, 44.25, 0.00
141.32, 44.31, 0.00
141.61, 44.38, 0.00
141.90, 44.44, 0.00
142.19, 44.50, 0.00
142.48, 44.56, 0.00
142.77, 44.62, 0.00
143.06, 44.68, 0.00
143.35, 44.73, 0.00
143.63, 44.79, 0.00
143.92, 44.85, 0.00
144.21, 44.91, 0.00
144.50, 44.96, 0.00
144.78, 45.02, 0.00
145.07, 45.08, 0.00
145.35, 45.13, 0.00
145.64, 45.19, 0.00
145.92, 45.24, 0.00
146.21, 45.29, 0.00
146.49, 45.35, 0.00
146.77, 45.40, 0.00
147.05, 45.45, 0.00
147.34, 45.50, 0.00
147.62, 45.55, 0.00
147.90, 45.60, 0.00
148.18, 45.66, 0.00
148.46, 45.70, 0.00
148.74, 45.75, 0.00
149.02, 45.80, 0.00
149.30, 45.85, 0.00
149.57, 45.90, 0.00
149.85, 45.95, 0.00
150.13, 45.99, 0.00
150.41, 46.04, 0.00
150.68, 46.09, 0.00
150.96, 46.13, 0.00
151.23, 46.18, 0.00
151.51, 46.22, 0.00
151.78, 46.27, 0.00
152.06, 46.31, 0.00
152.33, 46.35, 0.00
152.60, 46.39, 0.00
152.88, 46.44, 0.00
153.15, 46.48, 0.00
153.42, 46.52, 0.00
153.69, 46.56, 0.00
153.96, 46.60, 0.00
154.23, 46.64, 0.00
154.51, 46.68, 0.00
154.78, 46.72, 0.00
155.04, 46.76, 0.00
155.31, 46.79, 0.00
155.58, 46.83, 0.00
155.85, 46.87, 0.00
156.12, 46.90, 0.00
156.39, 46.94, 0.00
156.65, 46.98, 0.00
156.92, 47.01, 0.00
157.18, 47.04, 0.00
157.45, 47.08, 0.00
157.72, 47.11, 0.00
157.98, 47.15, 0.00
158.24, 47.18, 0.00
158.51, 47.21, 0.00
158.77, 47.24, 0.00
159.04, 47.27, 0.00
159.30, 47.30, 0.00
159.56, 47.33, 0.00
159.82, 47.36, 0.00
160.08, 47.39, 0.00
160.35, 47.42, 0.00
160.61, 47.45, 0.00
160.87, 47.48, 0.00
161.13, 47.50, 0.00
161.39, 47.53, 0.00
161.65, 47.56, 0.00
161.91, 47.58, 0.00
162.16, 47.61, 0.00
162.42, 47.63, 0.00
162.68, 47.66, 0.00
162.94, 47.68, 0.00
163.19, 47.70, 0.00
163.45, 47.73, 0.00
163.71, 47.75, 0.00
163.96, 47.77, 0.00
164.22, 47.79, 0.00
164.47, 47.81, 0.00
164.73, 47.83, 0.00
164.98, 47.85, 0.00
165.24, 47.87, 0.00
165.49, 47.89, 0.00
165.75, 47.91, 0.00
166.00, 47.93, 0.00
166.25, 47.95, 0.00
166.50, 47.96, 0.00
166.76, 47.98, 0.00
167.01, 48.00, 0.00
167.26, 48.01, 0.00
167.51, 48.03, 0.00
167.76, 48.04, 0.00
168.01, 48.06, 0.00
168.26, 48.07, 0.00
168.51, 48.08, 0.00
168.76, 48.10, 0.00
169.01, 48.11, 0.00
169.26, 48.12, 0.00
169.50, 48.13, 0.00
169.75, 48.14, 0.00
170.00, 48.15, 0.00
170.25, 48.16, 0.00
170.49, 48.17, 0.00
170.74, 48.18, 0.00
170.98, 48.19, 0.00
171.23, 48.20, 0.00
171.48, 48.21, 0.00
171.72, 48.21, 0.00
171.97, 48.22, 0.00
172.21, 48.22, 0.00
172.45, 48.23, 0.00
172.70, 48.24, 0.00
172.94, 48.24, 0.00
173.18, 48.24, 0.00
173.43, 48.25, 0.00
173.67, 48.25, 0.00
173.91, 48.25, 0.00
174.15, 48.26, 0.00
174.40, 48.26, 0.00
174.64, 48.26, 0.00
174.88, 48.26, 0.00
175.12, 48.26, 0.00
175.36, 48.26, 0.00
175.60, 48.26, 0.00
175.84, 48.26, 0.00
176.08, 48.26, 0.00
176.32, 48.26, 0.00
176.56, 48.25, 0.00
176.79, 48.25, 0.00
177.03, 48.25, 0.00
177.27, 48.24, 0.00
177.51, 48.24, 0.00
177.74, 48.23, 0.00
177.98, 48.23, 0.00
178.22, 48.22, 0.00
178.45, 48.22, 0.00
178.69, 48.21, 0.00
178.93, 48.20, 0.00
179.16, 48.20, 0.00
179.40, 48.19, 0.00
179.63, 48.18, 0.00
179.87, 48.17, 0.00
180.10, 48.16, 0.00
180.33, 48.15, 0.00
180.57, 48.14, 0.00
180.80, 48.13, 0.00
181.03, 48.12, 0.00
181.27, 48.11, 0.00
181.50, 48.09, 0.00
181.73, 48.08, 0.00
181.96, 48.07, 0.00
182.20, 48.05, 0.00
182.43, 48.04, 0.00
182.66, 48.02, 0.00
182.89, 48.01, 0.00
183.12, 47.99, 0.00
183.35, 47.98, 0.00
183.58, 47.96, 0.00
183.81, 47.94, 0.00
184.04, 47.93, 0.00
184.27, 47.91, 0.00
184.50, 47.89, 0.00
184.73, 47.87, 0.00
184.96, 47.85, 0.00
185.18, 47.83, 0.00
185.41, 47.81, 0.00
185.64, 47.79, 0.00
185.87, 47.77, 0.00
186.09, 47.75, 0.00
186.32, 47.73, 0.00
186.55, 47.70, 0.00
186.77, 47.68, 0.00
187.00, 47.66, 0.00
187.23, 47.63, 0.00
187.45, 47.61, 0.00
187.68, 47.58, 0.00
187.90, 47.56, 0.00
188.13, 47.53, 0.00
188.35, 47.50, 0.00
188.57, 47.48, 0.00
188.80, 47.45, 0.00
189.02, 47.42, 0.00
189.25, 47.39, 0.00
189.47, 47.37, 0.00
189.69, 47.34, 0.00
189.92, 47.31, 0.00
190.14, 47.28, 0.00
190.36, 47.25, 0.00
190.58, 47.21, 0.00
190.80, 47.18, 0.00
191.03, 47.15, 0.00
191.25, 47.12, 0.00
191.47, 47.09, 0.00
191.69, 47.05, 0.00
191.91, 47.02, 0.00
192.13, 46.98, 0.00
192.35, 46.95, 0.00
192.57, 46.91, 0.00
192.79, 46.88, 0.00
193.01, 46.84, 0.00
193.23, 46.81, 0.00
193.45, 46.77, 0.00
193.67, 46.73, 0.00
193.88, 46.69, 0.00
194.10, 46.66, 0.00
194.32, 46.62, 0.00
194.54, 46.58, 0.00
194.76, 46.54, 0.00
194.97, 46.50, 0.00
195.19, 46.46, 0.00
195.41, 46.41, 0.00
195.63, 46.37, 0.00
195.84, 46.33, 0.00
196.06, 46.29, 0.00
196.27, 46.25, 0.00
196.49, 46.20, 0.00
196.71, 46.16, 0.00
196.92, 46.11, 0.00
197.14, 46.07, 0.00
197.35, 46.02, 0.00
197.57, 45.98, 0.00
197.78, 45.93, 0.00
197.99, 45.88, 0.00
198.21, 45.84, 0.00
198.42, 45.79, 0.00
198.64, 45.74, 0.00
198.85, 45.69, 0.00
199.06, 45.64, 0.00
199.28, 45.60, 0.00
199.49, 45.55, 0.00
199.70, 45.49, 0.00
199.91, 45.44, 0.00
200.13, 45.39, 0.00
200.34, 45.34, 0.00
200.55, 45.29, 0.00
200.76, 45.24, 0.00
200.97, 45.18, 0.00
201.19, 45.13, 0.00
201.40, 45.08, 0.00
201.61, 45.02, 0.00
201.82, 44.97, 0.00
202.03, 44.91, 0.00
202.24, 44.86, 0.00
202.45, 44.80, 0.00
202.66, 44.74, 0.00
202.87, 44.69, 0.00
203.08, 44.63, 0.00
203.29, 44.57, 0.00
203.50, 44.51, 0.00
203.71, 44.45, 0.00
203.91, 44.39, 0.00
204.12, 44.33, 0.00
204.33, 44.27, 0.00
204.54, 44.21, 0.00
204.75, 44.15, 0.00
204.95, 44.09, 0.00
205.16, 44.03, 0.00
205.37, 43.97, 0.00
205.58, 43.90, 0.00
205.78, 43.84, 0.00
205.99, 43.78, 0.00
206.20, 43.71, 0.00
206.40, 43.65, 0.00
206.61, 43.58, 0.00
206.82, 43.52, 0.00
207.02, 43.45, 0.00
207.23, 43.38, 0.00
207.43, 43.32, 0.00
207.64, 43.25, 0.00
207.84, 43.18, 0.00
208.05, 43.11, 0.00
208.25, 43.04, 0.00
208.46, 42.98, 0.00
208.66, 42.91, 0.00
208.87, 42.84, 0.00
209.07, 42.77, 0.00
209.28, 42.69, 0.00
209.48, 42.62, 0.00
209.68, 42.55, 0.00
209.89, 42.48, 0.00
210.09, 42.41, 0.00
210.29, 42.33, 0.00
210.50, 42.26, 0.00
210.70, 42.19, 0.00
210.90, 42.11, 0.00
211.11, 42.04, 0.00
211.31, 41.96, 0.00
211.51, 41.89, 0.00
211.71, 41.81, 0.00
211.91, 41.73, 0.00
212.12, 41.66, 0.00
212.32, 41.58, 0.00
212.52, 41.50, 0.00
212.72, 41.42, 0.00
212.92, 41.34, 0.00
213.12, 41.26, 0.00
213.32, 41.18, 0.00
213.52, 41.10, 0.00
213.72, 41.02, 0.00
213.92, 40.94, 0.00
214.12, 40.86, 0.00
214.32, 40.78, 0.00
214.52, 40.70, 0.00
214.72, 40.61, 0.00
214.92, 40.53, 0.00
215.12, 40.45, 0.00
215.32, 40.36, 0.00
215.52, 40.28, 0.00
215.72, 40.19, 0.00
215.92, 40.11, 0.00
216.12, 40.02, 0.00
216.32, 39.94, 0.00
216.51, 39.85, 0.00
216.71, 39.76, 0.00
216.91, 39.68, 0.00
217.11, 39.59, 0.00
217.31, 39.50, 0.00
217.50, 39.41, 0.00
217.70, 39.32, 0.00
217.90, 39.23, 0.00
218.10, 39.14, 0.00
218.29, 39.05, 0.00
218.49, 38.96, 0.00
218.69, 38.87, 0.00
218.88, 38.78, 0.00
219.08, 38.69, 0.00
219.28, 38.59, 0.00
219.47, 38.50, 0.00
219.67, 38.41, 0.00
219.86, 38.31, 0.00
220.06, 38.22, 0.00
220.25, 38.12, 0.00
220.45, 38.03, 0.00
220.65, 37.93, 0.00
220.84, 37.84, 0.00
221.04, 37.74, 0.00
221.23, 37.65, 0.00
221.43, 37.55, 0.00
221.62, 37.45, 0.00
221.81, 37.35, 0.00
222.01, 37.25, 0.00
222.20, 37.15, 0.00
222.40, 37.06, 0.00
222.59, 36.96, 0.00
222.79, 36.86, 0.00
222.98, 36.76, 0.00
223.17, 36.65, 0.00
223.37, 36.55, 0.00
223.56, 36.45, 0.00
223.75, 36.35, 0.00
223.95, 36.25, 0.00
224.14, 36.14, 0.00
224.33, 36.04, 0.00
224.53, 35.94, 0.00
224.72, 35.83, 0.00
224.91, 35.73, 0.00
225.10, 35.62, 0.00
225.30, 35.52, 0.00
225.49, 35.41, 0.00
225.68, 35.30, 0.00
225.87, 35.20, 0.00
226.06, 35.09, 0.00
226.25, 34.98, 0.00
226.45, 34.87, 0.00
226.64, 34.77, 0.00
226.83, 34.66, 0.00
227.02, 34.55, 0.00
227.21, 34.44, 0.00
227.40, 34.33, 0.00
227.59, 34.22, 0.00
227.78, 34.11, 0.00
227.98, 34.00, 0.00
228.17, 33.88, 0.00
228.36, 33.77, 0.00
228.55, 33.66, 0.00
228.74, 33.55, 0.00
228.93, 33.43, 0.00
229.12, 33.32, 0.00
229.31, 33.21, 0.00
229.50, 33.09, 0.00
229.69, 32.98, 0.00
229.88, 32.86, 0.00
230.07, 32.74, 0.00
230.25, 32.63, 0.00
230.44, 32.51, 0.00
230.63, 32.39, 0.00
230.82, 32.28, 0.00
231.01, 32.16, 0.00
231.20, 32.04, 0.00
231.39, 31.92, 0.00
231.58, 31.80, 0.00
231.77, 31.68, 0.00
231.95, 31.57, 0.00
232.14, 31.44, 0.00
232.33, 31.32, 0.00
232.52, 31.20, 0.00
232.71, 31.08, 0.00
232.89, 30.96, 0.00
233.08, 30.84, 0.00
233.27, 30.72, 0.00
233.46, 30.59, 0.00
233.64, 30.47, 0.00
233.83, 30.35, 0.00
234.02, 30.22, 0.00
234.21, 30.10, 0.00
234.39, 29.97, 0.00
234.58, 29.85, 0.00
234.77, 29.72, 0.00
234.95, 29.59, 0.00
235.14, 29.47, 0.00
235.33, 29.34, 0.00
235.51, 29.21, 0.00
235.70, 29.09, 0.00
235.89, 28.96, 0.00
236.07, 28.83, 0.00
236.26, 28.70, 0.00
236.45, 28.57, 0.00
236.63, 28.44, 0.00
236.82, 28.31, 0.00
237.00, 28.18, 0.00
237.19, 28.05, 0.00
237.38, 27.92, 0.00
237.56, 27.79, 0.00
237.75, 27.66, 0.00
237.93, 27.52, 0.00
238.12, 27.39, 0.00
238.30, 27.26, 0.00
238.49, 27.12, 0.00
238.67, 26.99, 0.00
238.86, 26.86, 0.00
239.04, 26.72, 0.00
239.23, 26.59, 0.00
239.41, 26.45, 0.00
239.60, 26.32, 0.00
239.78, 26.18, 0.00
239.96, 26.04, 0.00
240.15, 25.91, 0.00
240.33, 25.77, 0.00
240.52, 25.63, 0.00
240.70, 25.49, 0.00
240.89, 25.35, 0.00
241.07, 25.22, 0.00
241.25, 25.08, 0.00
241.44, 24.94, 0.00
241.62, 24.80, 0.00
241.80, 24.66, 0.00
241.99, 24.52, 0.00
242.17, 24.38, 0.00
242.36, 24.23, 0.00
242.54, 24.09, 0.00
242.72, 23.95, 0.00
242.91, 23.81, 0.00
243.09, 23.66, 0.00
243.27, 23.52, 0.00
243.45, 23.38, 0.00
243.64, 23.23, 0.00
243.82, 23.09, 0.00
244.00, 22.94, 0.00
244.19, 22.80, 0.00
244.37, 22.65, 0.00
244.55, 22.51, 0.00
244.73, 22.36, 0.00
244.92, 22.21, 0.00
245.10, 22.07, 0.00
245.28, 21.92, 0.00
245.46, 21.77, 0.00
245.64, 21.62, 0.00
245.83, 21.48, 0.00
246.01, 21.33, 0.00
246.19, 21.18, 0.00
246.37, 21.03, 0.00
246.55, 20.88, 0.00
246.74, 20.73, 0.00
246.92, 20.58, 0.00
247.10, 20.43, 0.00
247.28, 20.27, 0.00
247.46, 20.12, 0.00
247.64, 19.97, 0.00
247.82, 19.82, 0.00
248.01, 19.66, 0.00
248.19, 19.51, 0.00
248.37, 19.36, 0.00
248.55, 19.20, 0.00
248.73, 19.05, 0.00
248.91, 18.89, 0.00
249.09, 18.74, 0.00
249.27, 18.58, 0.00
249.45, 18.43, 0.00
249.63, 18.27, 0.00
249.81, 18.12, 0.00
250.00, 17.96, 0.00
250.18, 17.80, 0.00
250.36, 17.64, 0.00
250.54, 17.49, 0.00
250.72, 17.33, 0.00
250.90, 17.17, 0.00
251.08, 17.01, 0.00
251.26, 16.85, 0.00
251.44, 16.69, 0.00
251.62, 16.53, 0.00
251.80, 16.37, 0.00
251.98, 16.21, 0.00
252.16, 16.05, 0.00
252.34, 15.89, 0.00
252.52, 15.73, 0.00
252.70, 15.56, 0.00
252.88, 15.40, 0.00
253.06, 15.24, 0.00
253.24, 15.08, 0.00
253.42, 14.91, 0.00
253.59, 14.75, 0.00
253.77, 14.58, 0.00
253.95, 14.42, 0.00
254.13, 14.25, 0.00
254.31, 14.09, 0.00
254.49, 13.92, 0.00
254.67, 13.76, 0.00
254.85, 13.59, 0.00
255.03, 13.42, 0.00
255.21, 13.26, 0.00
255.39, 13.09, 0.00
255.57, 12.92, 0.00
255.74, 12.75, 0.00
255.92, 12.59, 0.00
256.10, 12.42, 0.00
256.28, 12.25, 0.00
256.46, 12.08, 0.00
256.64, 11.91, 0.00
256.82, 11.74, 0.00
257.00, 11.57, 0.00
257.17, 11.40, 0.00
257.35, 11.23, 0.00
257.53, 11.06, 0.00
257.71, 10.88, 0.00
257.89, 10.71, 0.00
258.07, 10.54, 0.00
258.24, 10.37, 0.00
258.42, 10.19, 0.00
258.60, 10.02, 0.00
258.78, 9.85, 0.00
258.96, 9.67, 0.00
259.13, 9.50, 0.00
259.31, 9.32, 0.00
259.49, 9.15, 0.00
259.67, 8.97, 0.00
259.85, 8.80, 0.00
260.02, 8.62, 0.00
260.20, 8.45, 0.00
260.38, 8.27, 0.00
260.56, 8.09, 0.00
260.73, 7.91, 0.00
260.91, 7.74, 0.00
261.09, 7.56, 0.00
261.27, 7.38, 0.00
261.45, 7.20, 0.00
261.62, 7.02, 0.00
261.80, 6.84, 0.00
261.98, 6.66, 0.00
262.15, 6.48, 0.00
262.33, 6.30, 0.00
262.51, 6.12, 0.00
262.69, 5.94, 0.00
262.86, 5.76, 0.00
263.04, 5.58, 0.00
263.22, 5.40, 0.00
263.40, 5.21, 0.00
263.57, 5.03, 0.00
263.75, 4.85, 0.00
263.93, 4.67, 0.00
264.10, 4.48, 0.00
264.28, 4.30, 0.00
264.46, 4.11, 0.00
264.63, 3.93, 0.00
264.81, 3.75, 0.00
264.99, 3.56, 0.00
265.17, 3.37, 0.00
265.34, 3.19, 0.00
265.52, 3.00, 0.00
265.70, 2.82, 0.00
265.87, 2.63, 0.00
266.05, 2.44, 0.00
266.23, 2.26, 0.00
266.40, 2.07, 0.00
266.58, 1.88, 0.00
266.76, 1.69, 0.00
266.93, 1.50, 0.00
267.11, 1.31, 0.00
267.29, 1.13, 0.00
267.46, 0.94, 0.00
267.64, 0.75, 0.00
267.81, 0.56, 0.00
267.99, 0.37, 0.00
268.17, 0.17, 0.00
268.34, -0.02, 0.00
268.35, 0.01, 0.00
268.38, 0.08, 0.00
268.42, 0.15, 0.00
268.46, 0.22, 0.00
268.49, 0.29, 0.00
268.53, 0.36, 0.00
268.56, 0.43, 0.00
268.60, 0.50, 0.00
268.64, 0.56, 0.00
268.67, 0.63, 0.00
268.71, 0.69, 0.00
268.74, 0.76, 0.00
268.78, 0.82, 0.00
268.82, 0.88, 0.00
268.85, 0.94, 0.00
268.89, 1.01, 0.00
268.92, 1.07, 0.00
268.96, 1.12, 0.00
269.00, 1.18, 0.00
269.03, 1.24, 0.00
269.07, 1.30, 0.00
269.10, 1.35, 0.00
269.14, 1.41, 0.00
269.18, 1.46, 0.00
269.21, 1.52, 0.00
269.25, 1.57, 0.00
269.29, 1.62, 0.00
269.32, 1.67, 0.00
269.36, 1.72, 0.00
269.40, 1.77, 0.00
269.43, 1.82, 0.00
269.47, 1.87, 0.00
269.50, 1.91, 0.00
269.54, 1.96, 0.00
269.58, 2.01, 0.00
269.61, 2.05, 0.00
269.65, 2.09, 0.00
269.69, 2.14, 0.00
269.72, 2.18, 0.00
269.76, 2.22, 0.00
269.80, 2.26, 0.00
269.83, 2.30, 0.00
269.87, 2.34, 0.00
269.90, 2.38, 0.00
269.94, 2.42, 0.00
269.98, 2.45, 0.00
270.01, 2.49, 0.00
270.05, 2.52, 0.00
270.09, 2.56, 0.00
270.12, 2.59, 0.00
270.16, 2.62, 0.00
270.20, 2.66, 0.00
270.23, 2.69, 0.00
270.27, 2.72, 0.00
270.31, 2.75, 0.00
270.34, 2.77, 0.00
270.38, 2.80, 0.00
270.41, 2.83, 0.00
270.45, 2.86, 0.00
270.49, 2.88, 0.00
270.52, 2.91, 0.00
270.56, 2.93, 0.00
270.60, 2.95, 0.00
270.63, 2.98, 0.00
270.67, 3.00, 0.00
270.71, 3.02, 0.00
270.74, 3.04, 0.00
270.78, 3.06, 0.00
270.81, 3.08, 0.00
270.85, 3.09, 0.00
270.89, 3.11, 0.00
270.92, 3.13, 0.00
270.96, 3.14, 0.00
271.00, 3.16, 0.00
271.03, 3.17, 0.00
271.07, 3.18, 0.00
271.11, 3.20, 0.00
271.14, 3.21, 0.00
271.18, 3.22, 0.00
271.21, 3.23, 0.00
271.25, 3.24, 0.00
271.29, 3.25, 0.00
271.32, 3.25, 0.00
271.36, 3.26, 0.00
271.39, 3.27, 0.00
271.43, 3.27, 0.00
271.47, 3.28, 0.00
271.50, 3.28, 0.00
271.54, 3.28, 0.00
271.57, 3.29, 0.00
271.61, 3.29, 0.00
271.65, 3.29, 0.00
271.68, 3.29, 0.00
271.72, 3.29, 0.00
271.75, 3.29, 0.00
271.79, 3.28, 0.00
271.83, 3.28, 0.00
271.86, 3.28, 0.00
271.90, 3.27, 0.00
271.93, 3.27, 0.00
271.97, 3.26, 0.00
272.01, 3.25, 0.00
272.04, 3.25, 0.00
272.08, 3.24, 0.00
272.11, 3.23, 0.00
272.15, 3.22, 0.00
272.18, 3.21, 0.00
272.22, 3.20, 0.00
272.26, 3.18, 0.00
272.29, 3.17, 0.00
272.33, 3.16, 0.00
272.36, 3.14, 0.00
272.40, 3.13, 0.00
272.43, 3.11, 0.00
272.47, 3.09, 0.00
272.50, 3.08, 0.00
272.54, 3.06, 0.00
272.57, 3.04, 0.00
272.61, 3.02, 0.00
272.64, 3.00, 0.00
272.68, 2.98, 0.00
272.71, 2.95, 0.00
272.75, 2.93, 0.00
272.78, 2.91, 0.00
272.82, 2.88, 0.00
272.85, 2.86, 0.00
272.89, 2.83, 0.00
272.92, 2.81, 0.00
272.96, 2.78, 0.00
272.99, 2.75, 0.00
273.03, 2.72, 0.00
273.06, 2.69, 0.00
273.10, 2.66, 0.00
273.13, 2.63, 0.00
273.17, 2.60, 0.00
273.20, 2.57, 0.00
273.24, 2.53, 0.00
273.27, 2.50, 0.00
273.31, 2.46, 0.00
273.34, 2.43, 0.00
273.37, 2.39, 0.00
273.41, 2.35, 0.00
273.44, 2.32, 0.00
273.48, 2.28, 0.00
273.51, 2.24, 0.00
273.55, 2.20, 0.00
273.58, 2.16, 0.00
273.61, 2.12, 0.00
273.65, 2.07, 0.00
273.68, 2.03, 0.00
273.72, 1.99, 0.00
273.75, 1.94, 0.00
273.78, 1.90, 0.00
273.82, 1.85, 0.00
273.85, 1.80, 0.00
273.88, 1.76, 0.00
273.92, 1.71, 0.00
273.95, 1.66, 0.00
273.99, 1.61, 0.00
274.02, 1.56, 0.00
274.05, 1.51, 0.00
274.09, 1.46, 0.00
274.12, 1.40, 0.00
274.15, 1.35, 0.00
274.18, 1.30, 0.00
274.22, 1.24, 0.00
274.25, 1.18, 0.00
274.28, 1.13, 0.00
274.32, 1.07, 0.00
274.35, 1.01, 0.00
274.38, 0.95, 0.00
274.41, 0.90, 0.00
274.45, 0.84, 0.00
274.48, 0.77, 0.00
274.51, 0.71, 0.00
274.54, 0.65, 0.00
274.58, 0.59, 0.00
274.61, 0.52, 0.00
274.64, 0.46, 0.00
274.67, 0.40, 0.00
274.71, 0.33, 0.00
274.74, 0.26, 0.00
274.77, 0.20, 0.00
274.80, 0.13, 0.00
274.83, 0.06, 0.00
274.86, 0.00, 0.00
274.88, 0.04, 0.00
274.89, 0.08, 0.00
274.91, 0.12, 0.00
274.92, 0.15, 0.00
274.94, 0.19, 0.00
274.95, 0.22, 0.00
274.97, 0.26, 0.00
274.98, 0.29, 0.00
275.00, 0.32, 0.00
275.02, 0.35, 0.00
275.03, 0.38, 0.00
275.05, 0.41, 0.00
275.06, 0.44, 0.00
275.08, 0.47, 0.00
275.09, 0.50, 0.00
275.11, 0.52, 0.00
275.12, 0.55, 0.00
275.14, 0.58, 0.00
275.15, 0.60, 0.00
275.17, 0.62, 0.00
275.18, 0.65, 0.00
275.20, 0.67, 0.00
275.22, 0.69, 0.00
275.23, 0.71, 0.00
275.25, 0.73, 0.00
275.26, 0.75, 0.00
275.28, 0.77, 0.00
275.29, 0.79, 0.00
275.31, 0.80, 0.00
275.32, 0.82, 0.00
275.34, 0.83, 0.00
275.35, 0.85, 0.00
275.37, 0.86, 0.00
275.38, 0.88, 0.00
275.40, 0.89, 0.00
275.42, 0.90, 0.00
275.43, 0.91, 0.00
275.45, 0.92, 0.00
275.46, 0.93, 0.00
275.48, 0.94, 0.00
275.49, 0.95, 0.00
275.51, 0.95, 0.00
275.52, 0.96, 0.00
275.54, 0.96, 0.00
275.55, 0.97, 0.00
275.57, 0.97, 0.00
275.58, 0.98, 0.00
275.60, 0.98, 0.00
275.62, 0.98, 0.00
275.63, 0.98, 0.00
275.65, 0.98, 0.00
275.66, 0.98, 0.00
275.68, 0.98, 0.00
275.69, 0.98, 0.00
275.71, 0.98, 0.00
275.72, 0.97, 0.00
275.74, 0.97, 0.00
275.75, 0.96, 0.00
275.77, 0.96, 0.00
275.78, 0.95, 0.00
275.80, 0.94, 0.00
275.81, 0.94, 0.00
275.83, 0.93, 0.00
275.85, 0.92, 0.00
275.86, 0.91, 0.00
275.88, 0.90, 0.00
275.89, 0.88, 0.00
275.91, 0.87, 0.00
275.92, 0.86, 0.00
275.94, 0.84, 0.00
275.95, 0.83, 0.00
275.97, 0.81, 0.00
275.98, 0.80, 0.00
276.00, 0.78, 0.00
276.01, 0.76, 0.00
276.03, 0.74, 0.00
276.04, 0.73, 0.00
276.06, 0.71, 0.00
276.07, 0.68, 0.00
276.09, 0.66, 0.00
276.10, 0.64, 0.00
276.12, 0.62, 0.00
276.13, 0.59, 0.00
276.15, 0.57, 0.00
276.16, 0.54, 0.00
276.18, 0.52, 0.00
276.19, 0.49, 0.00
276.21, 0.46, 0.00
276.22, 0.44, 0.00
276.24, 0.41, 0.00
276.25, 0.38, 0.00
276.27, 0.35, 0.00
276.28, 0.32, 0.00
276.30, 0.28, 0.00
276.31, 0.25, 0.00
276.33, 0.22, 0.00
276.34, 0.18, 0.00
276.36, 0.15, 0.00
276.37, 0.11, 0.00
276.38, 0.08, 0.00
276.40, 0.04, 0.00
276.41, 0.00, 0.00
276.42, 0.00, 0.00
276.42, 0.03, 0.00
276.43, 0.05, 0.00
276.44, 0.07, 0.00
276.45, 0.09, 0.00
276.45, 0.11, 0.00
276.46, 0.13, 0.00
276.47, 0.15, 0.00
276.48, 0.17, 0.00
276.48, 0.18, 0.00
276.49, 0.20, 0.00
276.50, 0.21, 0.00
276.51, 0.23, 0.00
276.51, 0.24, 0.00
276.52, 0.26, 0.00
276.53, 0.27, 0.00
276.54, 0.28, 0.00
276.55, 0.29, 0.00
276.55, 0.30, 0.00
276.56, 0.31, 0.00
276.57, 0.32, 0.00
276.58, 0.33, 0.00
276.58, 0.33, 0.00
276.59, 0.34, 0.00
276.60, 0.35, 0.00
276.61, 0.35, 0.00
276.61, 0.35, 0.00
276.62, 0.36, 0.00
276.63, 0.36, 0.00
276.64, 0.36, 0.00
276.64, 0.36, 0.00
276.65, 0.36, 0.00
276.66, 0.36, 0.00
276.67, 0.36, 0.00
276.67, 0.36, 0.00
276.68, 0.36, 0.00
276.69, 0.36, 0.00
276.70, 0.35, 0.00
276.70, 0.35, 0.00
276.71, 0.34, 0.00
276.72, 0.33, 0.00
276.73, 0.33, 0.00
276.73, 0.32, 0.00
276.74, 0.31, 0.00
276.75, 0.30, 0.00
276.76, 0.29, 0.00
276.76, 0.28, 0.00
276.77, 0.27, 0.00
276.78, 0.26, 0.00
276.79, 0.24, 0.00
276.79, 0.23, 0.00
276.80, 0.22, 0.00
276.81, 0.20, 0.00
276.82, 0.18, 0.00
276.82, 0.17, 0.00
276.83, 0.15, 0.00
276.84, 0.13, 0.00
276.85, 0.11, 0.00
276.85, 0.09, 0.00
276.86, 0.07, 0.00
276.87, 0.05, 0.00
276.88, 0.03, 0.00
276.88, 0.01, 0.00
276.89, 0.00, 0.00
276.89, 0.02, 0.00
276.89, 0.03, 0.00
276.90, 0.04, 0.00
276.90, 0.06, 0.00
276.91, 0.07, 0.00
276.91, 0.08, 0.00
276.91, 0.09, 0.00
276.92, 0.10, 0.00
276.92, 0.11, 0.00
276.93, 0.12, 0.00
276.93, 0.12, 0.00
276.93, 0.13, 0.00
276.94, 0.14, 0.00
276.94, 0.14, 0.00
276.95, 0.15, 0.00
276.95, 0.15, 0.00
276.95, 0.15, 0.00
276.96, 0.15, 0.00
276.96, 0.16, 0.00
276.97, 0.16, 0.00
276.97, 0.16, 0.00
276.97, 0.16, 0.00
276.98, 0.15, 0.00
276.98, 0.15, 0.00
276.98, 0.15, 0.00
276.99, 0.15, 0.00
276.99, 0.14, 0.00
277.00, 0.14, 0.00
277.00, 0.13, 0.00
277.00, 0.12, 0.00
277.01, 0.11, 0.00
277.01, 0.11, 0.00
277.02, 0.10, 0.00
277.02, 0.09, 0.00
277.02, 0.08, 0.00
277.03, 0.07, 0.00
277.03, 0.05, 0.00
277.04, 0.04, 0.00
277.04, 0.03, 0.00
277.04, 0.01, 0.00
277.05, 0.00, 0.00
277.05, 0.00, 0.00
277.05, 0.01, 0.00
277.05, 0.02, 0.00
277.05, 0.03, 0.00
277.06, 0.04, 0.00
277.06, 0.04, 0.00
277.06, 0.05, 0.00
277.06, 0.06, 0.00
277.06, 0.06, 0.00
277.07, 0.07, 0.00
277.07, 0.07, 0.00
277.07, 0.07, 0.00
277.07, 0.07, 0.00
277.07, 0.08, 0.00
277.08, 0.08, 0.00
277.08, 0.08, 0.00
277.08, 0.07, 0.00
277.08, 0.07, 0.00
277.09, 0.07, 0.00
277.09, 0.07, 0.00
277.09, 0.06, 0.00
277.09, 0.06, 0.00
277.09, 0.05, 0.00
277.10, 0.05, 0.00
277.10, 0.04, 0.00
277.10, 0.03, 0.00
277.10, 0.02, 0.00
277.10, 0.01, 0.00
277.11, 0.00, 0.00
277.11, 0.00, 0.00
277.11, 0.01, 0.00
277.11, 0.01, 0.00
277.11, 0.02, 0.00
277.11, 0.03, 0.00
277.11, 0.03, 0.00
277.11, 0.03, 0.00
277.11, 0.04, 0.00
277.12, 0.04, 0.00
277.12, 0.04, 0.00
277.12, 0.04, 0.00
277.12, 0.04, 0.00
277.12, 0.04, 0.00
277.12, 0.04, 0.00
277.12, 0.03, 0.00
277.12, 0.03, 0.00
277.13, 0.03, 0.00
277.13, 0.02, 0.00
277.13, 0.02, 0.00
277.13, 0.01, 0.00
277.13, 0.00, 0.00
277.13, 0.00, 0.00
277.13, 0.01, 0.00
277.13, 0.01, 0.00
277.13, 0.01, 0.00
277.13, 0.02, 0.00
277.13, 0.02, 0.00
277.13, 0.02, 0.00
277.13, 0.02, 0.00
277.13, 0.02, 0.00
277.14, 0.02, 0.00
277.14, 0.02, 0.00
277.14, 0.02, 0.00
277.14, 0.01, 0.00
277.14, 0.01, 0.00
277.14, 0.01, 0.00
277.14, 0.00, 0.00
277.14, 0.00, 0.00
277.14, 0.00, 0.00
277.14, 0.01, 0.00
277.14, 0.01, 0.00
277.14, 0.01, 0.00
277.14, 0.01, 0.00
277.14, 0.01, 0.00
277.14, 0.01, 0.00
277.14, 0.01, 0.00
277.14, 0.01, 0.00
277.14, 0.01, 0.00
277.14, 0.00, 0.00
277.16, 0.00, 0.00
