Head Speed           0 mph
Ball Speed         183 mph
Launch Angle      10.4 deg
Back Spin         3340 rpm
Deviation Angle    0.0 deg
Side Spin            0 rpm
Distance           312 yds


0.09, 0.02, 0.00
0.83, 0.15, 0.00
1.56, 0.29, 0.00
2.29, 0.42, 0.00
3.01, 0.55, 0.00
3.74, 0.69, 0.00
4.46, 0.82, 0.00
5.18, 0.96, 0.00
5.90, 1.09, 0.00
6.61, 1.23, 0.00
7.32, 1.37, 0.00
8.04, 1.50, 0.00
8.75, 1.64, 0.00
9.45, 1.77, 0.00
10.16, 1.91, 0.00
10.86, 2.05, 0.00
11.56, 2.18, 0.00
12.26, 2.32, 0.00
12.96, 2.45, 0.00
13.65, 2.59, 0.00
14.34, 2.73, 0.00
15.03, 2.86, 0.00
15.72, 3.00, 0.00
16.41, 3.14, 0.00
17.09, 3.27, 0.00
17.77, 3.41, 0.00
18.45, 3.55, 0.00
19.13, 3.68, 0.00
19.81, 3.82, 0.00
20.48, 3.96, 0.00
21.16, 4.09, 0.00
21.83, 4.23, 0.00
22.49, 4.37, 0.00
23.16, 4.50, 0.00
23.83, 4.64, 0.00
24.49, 4.78, 0.00
25.15, 4.91, 0.00
25.81, 5.05, 0.00
26.47, 5.19, 0.00
27.12, 5.32, 0.00
27.77, 5.46, 0.00
28.42, 5.60, 0.00
29.07, 5.73, 0.00
29.72, 5.87, 0.00
30.37, 6.01, 0.00
31.01, 6.14, 0.00
31.65, 6.28, 0.00
32.29, 6.42, 0.00
32.93, 6.55, 0.00
33.57, 6.69, 0.00
34.20, 6.82, 0.00
34.84, 6.96, 0.00
35.47, 7.10, 0.00
36.10, 7.23, 0.00
36.73, 7.37, 0.00
37.35, 7.50, 0.00
37.98, 7.64, 0.00
38.60, 7.78, 0.00
39.22, 7.91, 0.00
39.84, 8.05, 0.00
40.46, 8.18, 0.00
41.07, 8.32, 0.00
41.69, 8.45, 0.00
42.30, 8.59, 0.00
42.91, 8.72, 0.00
43.52, 8.86, 0.00
44.13, 8.99, 0.00
44.74, 9.13, 0.00
45.34, 9.26, 0.00
45.94, 9.39, 0.00
46.54, 9.53, 0.00
47.14, 9.66, 0.00
47.74, 9.80, 0.00
48.34, 9.93, 0.00
48.93, 10.06, 0.00
49.52, 10.20, 0.00
50.12, 10.33, 0.00
50.71, 10.46, 0.00
51.29, 10.60, 0.00
51.88, 10.73, 0.00
52.47, 10.86, 0.00
53.05, 10.99, 0.00
53.63, 11.13, 0.00
54.21, 11.26, 0.00
54.79, 11.39, 0.00
55.37, 11.52, 0.00
55.94, 11.65, 0.00
56.52, 11.78, 0.00
57.09, 11.91, 0.00
57.66, 12.05, 0.00
58.23, 12.18, 0.00
58.80, 12.31, 0.00
59.37, 12.44, 0.00
59.93, 12.57, 0.00
60.50, 12.70, 0.00
61.06, 12.83, 0.00
61.62, 12.96, 0.00
62.18, 13.09, 0.00
62.74, 13.22, 0.00
63.30, 13.34, 0.00
63.85, 13.47, 0.00
64.41, 13.60, 0.00
64.96, 13.73, 0.00
65.51, 13.86, 0.00
66.06, 13.99, 0.00
66.61, 14.11, 0.00
67.16, 14.24, 0.00
67.70, 14.37, 0.00
68.25, 14.49, 0.00
68.79, 14.62, 0.00
69.33, 14.75, 0.00
69.87, 14.87, 0.00
70.41, 15.00, 0.00
70.95, 15.13, 0.00
71.48, 15.25, 0.00
72.02, 15.38, 0.00
72.55, 15.50, 0.00
73.08, 15.63, 0.00
73.61, 15.75, 0.00
74.14, 15.87, 0.00
74.67, 16.00, 0.00
75.20, 16.12, 0.00
75.72, 16.25, 0.00
76.25, 16.37, 0.00
76.77, 16.49, 0.00
77.29, 16.61, 0.00
77.81, 16.74, 0.00
78.33, 16.86, 0.00
78.85, 16.98, 0.00
79.37, 17.10, 0.00
79.88, 17.22, 0.00
80.40, 17.35, 0.00
80.91, 17.47, 0.00
81.42, 17.59, 0.00
81.93, 17.71, 0.00
82.44, 17.83, 0.00
82.95, 17.95, 0.00
83.46, 18.07, 0.00
83.96, 18.19, 0.00
84.47, 18.30, 0.00
84.97, 18.42, 0.00
85.47, 18.54, 0.00
85.97, 18.66, 0.00
86.47, 18.78, 0.00
86.97, 18.89, 0.00
87.47, 19.01, 0.00
87.96, 19.13, 0.00
88.46, 19.24, 0.00
88.95, 19.36, 0.00
89.44, 19.48, 0.00
89.93, 19.59, 0.00
90.43, 19.71, 0.00
90.91, 19.82, 0.00
91.40, 19.94, 0.00
91.89, 20.05, 0.00
92.37, 20.16, 0.00
92.86, 20.28, 0.00
93.34, 20.39, 0.00
93.83, 20.50, 0.00
94.31, 20.62, 0.00
94.79, 20.73, 0.00
95.27, 20.84, 0.00
95.74, 20.95, 0.00
96.22, 21.07, 0.00
96.70, 21.18, 0.00
97.17, 21.29, 0.00
97.64, 21.40, 0.00
98.12, 21.51, 0.00
98.59, 21.62, 0.00
99.06, 21.73, 0.00
99.53, 21.84, 0.00
100.00, 21.95, 0.00
100.46, 22.05, 0.00
100.93, 22.16, 0.00
101.39, 22.27, 0.00
101.86, 22.38, 0.00
102.32, 22.48, 0.00
102.78, 22.59, 0.00
103.24, 22.70, 0.00
103.70, 22.80, 0.00
104.16, 22.91, 0.00
104.62, 23.02, 0.00
105.08, 23.12, 0.00
105.53, 23.23, 0.00
105.99, 23.33, 0.00
106.44, 23.43, 0.00
106.89, 23.54, 0.00
107.35, 23.64, 0.00
107.80, 23.74, 0.00
108.25, 23.85, 0.00
108.70, 23.95, 0.00
109.14, 24.05, 0.00
109.59, 24.15, 0.00
110.04, 24.25, 0.00
110.48, 24.36, 0.00
110.93, 24.46, 0.00
111.37, 24.56, 0.00
111.81, 24.66, 0.00
112.25, 24.76, 0.00
112.69, 24.86, 0.00
113.13, 24.95, 0.00
113.57, 25.05, 0.00
114.01, 25.15, 0.00
114.44, 25.25, 0.00
114.88, 25.35, 0.00
115.31, 25.44, 0.00
115.75, 25.54, 0.00
116.18, 25.64, 0.00
116.61, 25.73, 0.00
117.04, 25.83, 0.00
117.47, 25.92, 0.00
117.90, 26.02, 0.00
118.33, 26.11, 0.00
118.76, 26.21, 0.00
119.18, 26.30, 0.00
119.61, 26.39, 0.00
120.03, 26.49, 0.00
120.46, 26.58, 0.00
120.88, 26.67, 0.00
121.30, 26.76, 0.00
121.72, 26.85, 0.00
122.14, 26.95, 0.00
122.56, 27.04, 0.00
122.98, 27.13, 0.00
123.40, 27.22, 0.00
123.82, 27.31, 0.00
124.23, 27.40, 0.00
124.65, 27.48, 0.00
125.06, 27.57, 0.00
125.47, 27.66, 0.00
125.89, 27.75, 0.00
126.30, 27.84, 0.00
126.71, 27.92, 0.00
127.12, 28.01, 0.00
127.53, 28.10, 0.00
127.94, 28.18, 0.00
128.34, 28.27, 0.00
128.75, 28.35, 0.00
129.16, 28.44, 0.00
129.56, 28.52, 0.00
129.97, 28.60, 0.00
130.37, 28.69, 0.00
130.77, 28.77, 0.00
131.17, 28.85, 0.00
131.57, 28.94, 0.00
131.98, 29.02, 0.00
132.37, 29.10, 0.00
132.77, 29.18, 0.00
133.17, 29.26, 0.00
133.57, 29.34, 0.00
133.96, 29.42, 0.00
134.36, 29.50, 0.00
134.76, 29.58, 0.00
135.15, 29.66, 0.00
135.54, 29.74, 0.00
135.93, 29.82, 0.00
136.33, 29.89, 0.00
136.72, 29.97, 0.00
137.11, 30.05, 0.00
137.50, 30.12, 0.00
137.89, 30.20, 0.00
138.27, 30.28, 0.00
138.66, 30.35, 0.00
139.05, 30.43, 0.00
139.43, 30.50, 0.00
139.82, 30.57, 0.00
140.20, 30.65, 0.00
140.59, 30.72, 0.00
140.97, 30.79, 0.00
141.35, 30.87, 0.00
141.73, 30.94, 0.00
142.11, 31.01, 0.00
142.49, 31.08, 0.00
142.87, 31.15, 0.00
143.25, 31.22, 0.00
143.63, 31.29, 0.00
144.00, 31.36, 0.00
144.38, 31.43, 0.00
144.76, 31.50, 0.00
145.13, 31.57, 0.00
145.51, 31.63, 0.00
145.88, 31.70, 0.00
146.25, 31.77, 0.00
146.62, 31.84, 0.00
147.00, 31.90, 0.00
147.37, 31.97, 0.00
147.74, 32.03, 0.00
148.11, 32.10, 0.00
148.47, 32.16, 0.00
148.84, 32.23, 0.00
149.21, 32.29, 0.00
149.58, 32.36, 0.00
149.94, 32.42, 0.00
150.31, 32.48, 0.00
150.67, 32.54, 0.00
151.04, 32.60, 0.00
151.40, 32.67, 0.00
151.76, 32.73, 0.00
152.12, 32.79, 0.00
152.49, 32.85, 0.00
152.85, 32.91, 0.00
153.21, 32.97, 0.00
153.57, 33.03, 0.00
153.93, 33.08, 0.00
154.28, 33.14, 0.00
154.64, 33.20, 0.00
155.00, 33.26, 0.00
155.35, 33.31, 0.00
155.71, 33.37, 0.00
156.06, 33.43, 0.00
156.42, 33.48, 0.00
156.77, 33.54, 0.00
157.13, 33.59, 0.00
157.48, 33.65, 0.00
157.83, 33.70, 0.00
158.18, 33.75, 0.00
158.53, 33.81, 0.00
158.88, 33.86, 0.00
159.23, 33.91, 0.00
159.58, 33.96, 0.00
159.93, 34.01, 0.00
160.28, 34.06, 0.00
160.62, 34.12, 0.00
160.97, 34.17, 0.00
161.32, 34.22, 0.00
161.66, 34.26, 0.00
162.01, 34.31, 0.00
162.35, 34.36, 0.00
162.69, 34.41, 0.00
163.04, 34.46, 0.00
163.38, 34.50, 0.00
163.72, 34.55, 0.00
164.06, 34.60, 0.00
164.40, 34.64, 0.00
164.74, 34.69, 0.00
165.08, 34.73, 0.00
165.42, 34.78, 0.00
165.76, 34.82, 0.00
166.10, 34.87, 0.00
166.43, 34.91, 0.00
166.77, 34.95, 0.00
167.11, 34.99, 0.00
167.44, 35.04, 0.00
167.78, 35.08, 0.00
168.11, 35.12, 0.00
168.45, 35.16, 0.00
168.78, 35.20, 0.00
169.11, 35.24, 0.00
169.44, 35.28, 0.00
169.78, 35.32, 0.00
170.11, 35.36, 0.00
170.44, 35.40, 0.00
170.77, 35.43, 0.00
171.10, 35.47, 0.00
171.43, 35.51, 0.00
171.75, 35.54, 0.00
172.08, 35.58, 0.00
172.41, 35.62, 0.00
172.74, 35.65, 0.00
173.06, 35.69, 0.00
173.39, 35.72, 0.00
173.71, 35.75, 0.00
174.04, 35.79, 0.00
174.36, 35.82, 0.00
174.69, 35.85, 0.00
175.01, 35.89, 0.00
175.33, 35.92, 0.00
175.66, 35.95, 0.00
175.98, 35.98, 0.00
176.30, 36.01, 0.00
176.62, 36.04, 0.00
176.94, 36.07, 0.00
177.26, 36.10, 0.00
177.58, 36.13, 0.00
177.90, 36.16, 0.00
178.21, 36.18, 0.00
178.53, 36.21, 0.00
178.85, 36.24, 0.00
179.17, 36.27, 0.00
179.48, 36.29, 0.00
179.80, 36.32, 0.00
180.11, 36.34, 0.00
180.43, 36.37, 0.00
180.74, 36.39, 0.00
181.06, 36.42, 0.00
181.37, 36.44, 0.00
181.68, 36.46, 0.00
181.99, 36.49, 0.00
182.31, 36.51, 0.00
182.62, 36.53, 0.00
182.93, 36.55, 0.00
183.24, 36.57, 0.00
183.55, 36.59, 0.00
183.86, 36.61, 0.00
184.17, 36.63, 0.00
184.48, 36.65, 0.00
184.78, 36.67, 0.00
185.09, 36.69, 0.00
185.40, 36.71, 0.00
185.71, 36.73, 0.00
186.01, 36.74, 0.00
186.32, 36.76, 0.00
186.62, 36.78, 0.00
186.93, 36.79, 0.00
187.23, 36.81, 0.00
187.54, 36.82, 0.00
187.84, 36.84, 0.00
188.14, 36.85, 0.00
188.45, 36.86, 0.00
188.75, 36.88, 0.00
189.05, 36.89, 0.00
189.35, 36.90, 0.00
189.65, 36.91, 0.00
189.95, 36.93, 0.00
190.25, 36.94, 0.00
190.55, 36.95, 0.00
190.85, 36.96, 0.00
191.15, 36.97, 0.00
191.45, 36.98, 0.00
191.75, 36.99, 0.00
192.05, 36.99, 0.00
192.34, 37.00, 0.00
192.64, 37.01, 0.00
192.94, 37.02, 0.00
193.23, 37.02, 0.00
193.53, 37.03, 0.00
193.82, 37.04, 0.00
194.12, 37.04, 0.00
194.41, 37.05, 0.00
194.70, 37.05, 0.00
195.00, 37.06, 0.00
195.29, 37.06, 0.00
195.58, 37.06, 0.00
195.88, 37.07, 0.00
196.17, 37.07, 0.00
196.46, 37.07, 0.00
196.75, 37.07, 0.00
197.04, 37.07, 0.00
197.33, 37.07, 0.00
197.62, 37.07, 0.00
197.91, 37.07, 0.00
198.20, 37.07, 0.00
198.49, 37.07, 0.00
198.78, 37.07, 0.00
199.06, 37.07, 0.00
199.35, 37.07, 0.00
199.64, 37.06, 0.00
199.92, 37.06, 0.00
200.21, 37.06, 0.00
200.50, 37.05, 0.00
200.78, 37.05, 0.00
201.07, 37.04, 0.00
201.35, 37.04, 0.00
201.64, 37.03, 0.00
201.92, 37.02, 0.00
202.20, 37.02, 0.00
202.49, 37.01, 0.00
202.77, 37.00, 0.00
203.05, 37.00, 0.00
203.33, 36.99, 0.00
203.62, 36.98, 0.00
203.90, 36.97, 0.00
204.18, 36.96, 0.00
204.46, 36.95, 0.00
204.74, 36.94, 0.00
205.02, 36.93, 0.00
205.30, 36.92, 0.00
205.58, 36.90, 0.00
205.86, 36.89, 0.00
206.13, 36.88, 0.00
206.41, 36.87, 0.00
206.69, 36.85, 0.00
206.97, 36.84, 0.00
207.25, 36.82, 0.00
207.52, 36.81, 0.00
207.80, 36.79, 0.00
208.07, 36.78, 0.00
208.35, 36.76, 0.00
208.62, 36.74, 0.00
208.90, 36.73, 0.00
209.17, 36.71, 0.00
209.45, 36.69, 0.00
209.72, 36.67, 0.00
210.00, 36.65, 0.00
210.27, 36.64, 0.00
210.54, 36.62, 0.00
210.81, 36.60, 0.00
211.09, 36.57, 0.00
211.36, 36.55, 0.00
211.63, 36.53, 0.00
211.90, 36.51, 0.00
212.17, 36.49, 0.00
212.44, 36.47, 0.00
212.71, 36.44, 0.00
212.98, 36.42, 0.00
213.25, 36.39, 0.00
213.52, 36.37, 0.00
213.79, 36.35, 0.00
214.06, 36.32, 0.00
214.33, 36.29, 0.00
214.60, 36.27, 0.00
214.86, 36.24, 0.00
215.13, 36.21, 0.00
215.40, 36.19, 0.00
215.66, 36.16, 0.00
215.93, 36.13, 0.00
216.20, 36.10, 0.00
216.46, 36.07, 0.00
216.73, 36.04, 0.00
216.99, 36.01, 0.00
217.26, 35.98, 0.00
217.52, 35.95, 0.00
217.79, 35.92, 0.00
218.05, 35.89, 0.00
218.31, 35.86, 0.00
218.58, 35.82, 0.00
218.84, 35.79, 0.00
219.10, 35.76, 0.00
219.36, 35.72, 0.00
219.63, 35.69, 0.00
219.89, 35.65, 0.00
220.15, 35.62, 0.00
220.41, 35.58, 0.00
220.67, 35.55, 0.00
220.93, 35.51, 0.00
221.19, 35.47, 0.00
221.45, 35.44, 0.00
221.71, 35.40, 0.00
221.97, 35.36, 0.00
222.23, 35.32, 0.00
222.49, 35.28, 0.00
222.75, 35.24, 0.00
223.01, 35.20, 0.00
223.26, 35.16, 0.00
223.52, 35.12, 0.00
223.78, 35.08, 0.00
224.03, 35.04, 0.00
224.29, 35.00, 0.00
224.55, 34.95, 0.00
224.80, 34.91, 0.00
225.06, 34.87, 0.00
225.32, 34.82, 0.00
225.57, 34.78, 0.00
225.83, 34.74, 0.00
226.08, 34.69, 0.00
226.34, 34.65, 0.00
226.59, 34.60, 0.00
226.84, 34.55, 0.00
227.10, 34.51, 0.00
227.35, 34.46, 0.00
227.60, 34.41, 0.00
227.86, 34.36, 0.00
228.11, 34.32, 0.00
228.36, 34.27, 0.00
228.61, 34.22, 0.00
228.87, 34.17, 0.00
229.12, 34.12, 0.00
229.37, 34.07, 0.00
229.62, 34.02, 0.00
229.87, 33.96, 0.00
230.12, 33.91, 0.00
230.37, 33.86, 0.00
230.62, 33.81, 0.00
230.87, 33.75, 0.00
231.12, 33.70, 0.00
231.37, 33.65, 0.00
231.62, 33.59, 0.00
231.87, 33.54, 0.00
232.11, 33.48, 0.00
232.36, 33.43, 0.00
232.61, 33.37, 0.00
232.86, 33.31, 0.00
233.11, 33.26, 0.00
233.35, 33.20, 0.00
233.60, 33.14, 0.00
233.85, 33.08, 0.00
234.09, 33.03, 0.00
234.34, 32.97, 0.00
234.58, 32.91, 0.00
234.83, 32.85, 0.00
235.08, 32.79, 0.00
235.32, 32.73, 0.00
235.57, 32.66, 0.00
235.81, 32.60, 0.00
236.05, 32.54, 0.00
236.30, 32.48, 0.00
236.54, 32.42, 0.00
236.79, 32.35, 0.00
237.03, 32.29, 0.00
237.27, 32.22, 0.00
237.52, 32.16, 0.00
237.76, 32.10, 0.00
238.00, 32.03, 0.00
238.24, 31.96, 0.00
238.49, 31.90, 0.00
238.73, 31.83, 0.00
238.97, 31.76, 0.00
239.21, 31.70, 0.00
239.45, 31.63, 0.00
239.69, 31.56, 0.00
239.93, 31.49, 0.00
240.17, 31.42, 0.00
240.41, 31.35, 0.00
240.65, 31.28, 0.00
240.89, 31.21, 0.00
241.13, 31.14, 0.00
241.37, 31.07, 0.00
241.61, 31.00, 0.00
241.85, 30.93, 0.00
242.09, 30.86, 0.00
242.33, 30.78, 0.00
242.57, 30.71, 0.00
242.80, 30.64, 0.00
243.04, 30.56, 0.00
243.28, 30.49, 0.00
243.52, 30.41, 0.00
243.75, 30.34, 0.00
243.99, 30.26, 0.00
244.23, 30.19, 0.00
244.46, 30.11, 0.00
244.70, 30.03, 0.00
244.94, 29.95, 0.00
245.17, 29.88, 0.00
245.41, 29.80, 0.00
245.64, 29.72, 0.00
245.88, 29.64, 0.00
246.11, 29.56, 0.00
246.35, 29.48, 0.00
246.58, 29.40, 0.00
246.82, 29.32, 0.00
247.05, 29.24, 0.00
247.28, 29.16, 0.00
247.52, 29.08, 0.00
247.75, 28.99, 0.00
247.98, 28.91, 0.00
248.22, 28.83, 0.00
248.45, 28.74, 0.00
248.68, 28.66, 0.00
248.92, 28.58, 0.00
249.15, 28.49, 0.00
249.38, 28.41, 0.00
249.61, 28.32, 0.00
249.84, 28.23, 0.00
250.07, 28.15, 0.00
250.31, 28.06, 0.00
250.54, 27.97, 0.00
250.77, 27.89, 0.00
251.00, 27.80, 0.00
251.23, 27.71, 0.00
251.46, 27.62, 0.00
251.69, 27.53, 0.00
251.92, 27.44, 0.00
252.15, 27.35, 0.00
252.38, 27.26, 0.00
252.61, 27.17, 0.00
252.84, 27.08, 0.00
253.07, 26.99, 0.00
253.30, 26.90, 0.00
253.52, 26.80, 0.00
253.75, 26.71, 0.00
253.98, 26.62, 0.00
254.21, 26.52, 0.00
254.44, 26.43, 0.00
254.66, 26.33, 0.00
254.89, 26.24, 0.00
255.12, 26.14, 0.00
255.35, 26.05, 0.00
255.57, 25.95, 0.00
255.80, 25.86, 0.00
256.03, 25.76, 0.00
256.25, 25.66, 0.00
256.48, 25.56, 0.00
256.71, 25.47, 0.00
256.93, 25.37, 0.00
257.16, 25.27, 0.00
257.38, 25.17, 0.00
257.61, 25.07, 0.00
257.83, 24.97, 0.00
258.06, 24.87, 0.00
258.28, 24.77, 0.00
258.51, 24.67, 0.00
258.73, 24.56, 0.00
258.96, 24.46, 0.00
259.18, 24.36, 0.00
259.40, 24.26, 0.00
259.63, 24.15, 0.00
259.85, 24.05, 0.00
260.08, 23.95, 0.00
260.30, 23.84, 0.00
260.52, 23.74, 0.00
260.74, 23.63, 0.00
260.97, 23.53, 0.00
261.19, 23.42, 0.00
261.41, 23.31, 0.00
261.63, 23.21, 0.00
261.86, 23.10, 0.00
262.08, 22.99, 0.00
262.30, 22.88, 0.00
262.52, 22.77, 0.00
262.74, 22.67, 0.00
262.96, 22.56, 0.00
263.19, 22.45, 0.00
263.41, 22.34, 0.00
263.63, 22.23, 0.00
263.85, 22.12, 0.00
264.07, 22.00, 0.00
264.29, 21.89, 0.00
264.51, 21.78, 0.00
264.73, 21.67, 0.00
264.95, 21.56, 0.00
265.17, 21.44, 0.00
265.39, 21.33, 0.00
265.61, 21.22, 0.00
265.83, 21.10, 0.00
266.05, 20.99, 0.00
266.27, 20.87, 0.00
266.48, 20.76, 0.00
266.70, 20.64, 0.00
266.92, 20.52, 0.00
267.14, 20.41, 0.00
267.36, 20.29, 0.00
267.58, 20.17, 0.00
267.79, 20.06, 0.00
268.01, 19.94, 0.00
268.23, 19.82, 0.00
268.45, 19.70, 0.00
268.66, 19.58, 0.00
268.88, 19.46, 0.00
269.10, 19.34, 0.00
269.31, 19.22, 0.00
269.53, 19.10, 0.00
269.75, 18.98, 0.00
269.96, 18.86, 0.00
270.18, 18.73, 0.00
270.40, 18.61, 0.00
270.61, 18.49, 0.00
270.83, 18.37, 0.00
271.04, 18.24, 0.00
271.26, 18.12, 0.00
271.48, 17.99, 0.00
271.69, 17.87, 0.00
271.91, 17.74, 0.00
272.12, 17.62, 0.00
272.34, 17.49, 0.00
272.55, 17.37, 0.00
272.76, 17.24, 0.00
272.98, 17.11, 0.00
273.19, 16.99, 0.00
273.41, 16.86, 0.00
273.62, 16.73, 0.00
273.84, 16.60, 0.00
274.05, 16.47, 0.00
274.26, 16.34, 0.00
274.48, 16.21, 0.00
274.69, 16.08, 0.00
274.90, 15.95, 0.00
275.12, 15.82, 0.00
275.33, 15.69, 0.00
275.54, 15.56, 0.00
275.75, 15.43, 0.00
275.97, 15.30, 0.00
276.18, 15.16, 0.00
276.39, 15.03, 0.00
276.60, 14.90, 0.00
276.82, 14.76, 0.00
277.03, 14.63, 0.00
277.24, 14.50, 0.00
277.45, 14.36, 0.00
277.66, 14.23, 0.00
277.87, 14.09, 0.00
278.09, 13.95, 0.00
278.30, 13.82, 0.00
278.51, 13.68, 0.00
278.72, 13.54, 0.00
278.93, 13.41, 0.00
279.14, 13.27, 0.00
279.35, 13.13, 0.00
279.56, 12.99, 0.00
279.77, 12.85, 0.00
279.98, 12.71, 0.00
280.19, 12.57, 0.00
280.40, 12.44, 0.00
280.61, 12.29, 0.00
280.82, 12.15, 0.00
281.03, 12.01, 0.00
281.24, 11.87, 0.00
281.45, 11.73, 0.00
281.66, 11.59, 0.00
281.87, 11.45, 0.00
282.08, 11.30, 0.00
282.29, 11.16, 0.00
282.50, 11.02, 0.00
282.70, 10.87, 0.00
282.91, 10.73, 0.00
283.12, 10.58, 0.00
283.33, 10.44, 0.00
283.54, 10.29, 0.00
283.75, 10.15, 0.00
283.95, 10.00, 0.00
284.16, 9.85, 0.00
284.37, 9.71, 0.00
284.58, 9.56, 0.00
284.79, 9.41, 0.00
284.99, 9.26, 0.00
285.20, 9.12, 0.00
285.41, 8.97, 0.00
285.61, 8.82, 0.00
285.82, 8.67, 0.00
286.03, 8.52, 0.00
286.23, 8.37, 0.00
286.44, 8.22, 0.00
286.65, 8.07, 0.00
286.85, 7.92, 0.00
287.06, 7.77, 0.00
287.27, 7.61, 0.00
287.47, 7.46, 0.00
287.68, 7.31, 0.00
287.89, 7.16, 0.00
288.09, 7.00, 0.00
288.30, 6.85, 0.00
288.50, 6.69, 0.00
288.71, 6.54, 0.00
288.91, 6.39, 0.00
289.12, 6.23, 0.00
289.32, 6.08, 0.00
289.53, 5.92, 0.00
289.73, 5.76, 0.00
289.94, 5.61, 0.00
290.14, 5.45, 0.00
290.35, 5.29, 0.00
290.55, 5.14, 0.00
290.76, 4.98, 0.00
290.96, 4.82, 0.00
291.17, 4.66, 0.00
291.37, 4.50, 0.00
291.58, 4.34, 0.00
291.78, 4.18, 0.00
291.98, 4.02, 0.00
292.19, 3.86, 0.00
292.39, 3.70, 0.00
292.59, 3.54, 0.00
292.80, 3.38, 0.00
293.00, 3.22, 0.00
293.21, 3.06, 0.00
293.41, 2.90, 0.00
293.61, 2.73, 0.00
293.81, 2.57, 0.00
294.02, 2.41, 0.00
294.22, 2.24, 0.00
294.42, 2.08, 0.00
294.63, 1.91, 0.00
294.83, 1.75, 0.00
295.03, 1.58, 0.00
295.23, 1.42, 0.00
295.44, 1.25, 0.00
295.64, 1.09, 0.00
295.84, 0.92, 0.00
296.04, 0.75, 0.00
296.25, 0.59, 0.00
296.45, 0.42, 0.00
296.65, 0.25, 0.00
296.85, 0.08, 0.00
296.98, 0.01, 0.00
297.05, 0.08, 0.00
297.11, 0.15, 0.00
297.17, 0.22, 0.00
297.23, 0.28, 0.00
297.30, 0.35, 0.00
297.36, 0.42, 0.00
297.42, 0.48, 0.00
297.48, 0.55, 0.00
297.55, 0.61, 0.00
297.61, 0.67, 0.00
297.67, 0.73, 0.00
297.73, 0.80, 0.00
297.80, 0.86, 0.00
297.86, 0.91, 0.00
297.92, 0.97, 0.00
297.98, 1.03, 0.00
298.05, 1.09, 0.00
298.11, 1.14, 0.00
298.17, 1.20, 0.00
298.23, 1.25, 0.00
298.30, 1.31, 0.00
298.36, 1.36, 0.00
298.42, 1.41, 0.00
298.48, 1.46, 0.00
298.55, 1.51, 0.00
298.61, 1.56, 0.00
298.67, 1.61, 0.00
298.73, 1.66, 0.00
298.80, 1.70, 0.00
298.86, 1.75, 0.00
298.92, 1.79, 0.00
298.98, 1.84, 0.00
299.04, 1.88, 0.00
299.11, 1.92, 0.00
299.17, 1.96, 0.00
299.23, 2.01, 0.00
299.29, 2.05, 0.00
299.36, 2.08, 0.00
299.42, 2.12, 0.00
299.48, 2.16, 0.00
299.54, 2.20, 0.00
299.61, 2.23, 0.00
299.67, 2.27, 0.00
299.73, 2.30, 0.00
299.79, 2.34, 0.00
299.85, 2.37, 0.00
299.92, 2.40, 0.00
299.98, 2.43, 0.00
300.04, 2.46, 0.00
300.10, 2.49, 0.00
300.16, 2.52, 0.00
300.23, 2.55, 0.00
300.29, 2.57, 0.00
300.35, 2.60, 0.00
300.41, 2.63, 0.00
300.47, 2.65, 0.00
300.54, 2.67, 0.00
300.60, 2.70, 0.00
300.66, 2.72, 0.00
300.72, 2.74, 0.00
300.78, 2.76, 0.00
300.84, 2.78, 0.00
300.91, 2.80, 0.00
300.97, 2.82, 0.00
301.03, 2.83, 0.00
301.09, 2.85, 0.00
301.15, 2.87, 0.00
301.21, 2.88, 0.00
301.28, 2.90, 0.00
301.34, 2.91, 0.00
301.40, 2.92, 0.00
301.46, 2.93, 0.00
301.52, 2.94, 0.00
301.58, 2.95, 0.00
301.64, 2.96, 0.00
301.71, 2.97, 0.00
301.77, 2.98, 0.00
301.83, 2.99, 0.00
301.89, 2.99, 0.00
301.95, 3.00, 0.00
302.01, 3.00, 0.00
302.07, 3.00, 0.00
302.13, 3.01, 0.00
302.19, 3.01, 0.00
302.25, 3.01, 0.00
302.32, 3.01, 0.00
302.38, 3.01, 0.00
302.44, 3.01, 0.00
302.50, 3.01, 0.00
302.56, 3.00, 0.00
302.62, 3.00, 0.00
302.68, 3.00, 0.00
302.74, 2.99, 0.00
302.80, 2.99, 0.00
302.86, 2.98, 0.00
302.92, 2.97, 0.00
302.98, 2.96, 0.00
303.04, 2.95, 0.00
303.10, 2.94, 0.00
303.16, 2.93, 0.00
303.22, 2.92, 0.00
303.28, 2.91, 0.00
303.34, 2.90, 0.00
303.40, 2.88, 0.00
303.46, 2.87, 0.00
303.52, 2.85, 0.00
303.58, 2.84, 0.00
303.64, 2.82, 0.00
303.70, 2.80, 0.00
303.76, 2.78, 0.00
303.82, 2.77, 0.00
303.88, 2.75, 0.00
303.94, 2.73, 0.00
304.00, 2.70, 0.00
304.06, 2.68, 0.00
304.12, 2.66, 0.00
304.18, 2.63, 0.00
304.24, 2.61, 0.00
304.30, 2.58, 0.00
304.36, 2.56, 0.00
304.41, 2.53, 0.00
304.47, 2.50, 0.00
304.53, 2.47, 0.00
304.59, 2.45, 0.00
304.65, 2.42, 0.00
304.71, 2.38, 0.00
304.77, 2.35, 0.00
304.83, 2.32, 0.00
304.88, 2.29, 0.00
304.94, 2.25, 0.00
305.00, 2.22, 0.00
305.06, 2.18, 0.00
305.12, 2.15, 0.00
305.17, 2.11, 0.00
305.23, 2.07, 0.00
305.29, 2.03, 0.00
305.35, 2.00, 0.00
305.41, 1.96, 0.00
305.46, 1.91, 0.00
305.52, 1.87, 0.00
305.58, 1.83, 0.00
305.64, 1.79, 0.00
305.69, 1.74, 0.00
305.75, 1.70, 0.00
305.81, 1.65, 0.00
305.87, 1.61, 0.00
305.92, 1.56, 0.00
305.98, 1.51, 0.00
306.04, 1.47, 0.00
306.09, 1.42, 0.00
306.15, 1.37, 0.00
306.21, 1.32, 0.00
306.26, 1.27, 0.00
306.32, 1.21, 0.00
306.38, 1.16, 0.00
306.43, 1.11, 0.00
306.49, 1.05, 0.00
306.55, 1.00, 0.00
306.60, 0.94, 0.00
306.66, 0.88, 0.00
306.71, 0.83, 0.00
306.77, 0.77, 0.00
306.83, 0.71, 0.00
306.88, 0.65, 0.00
306.94, 0.59, 0.00
306.99, 0.53, 0.00
307.05, 0.47, 0.00
307.10, 0.41, 0.00
307.16, 0.34, 0.00
307.21, 0.28, 0.00
307.27, 0.21, 0.00
307.32, 0.15, 0.00
307.38, 0.08, 0.00
307.43, 0.01, 0.00
307.45, 0.00, 0.00
307.48, 0.04, 0.00
307.51, 0.08, 0.00
307.54, 0.11, 0.00
307.57, 0.15, 0.00
307.60, 0.18, 0.00
307.63, 0.22, 0.00
307.66, 0.25, 0.00
307.69, 0.28, 0.00
307.71, 0.31, 0.00
307.74, 0.34, 0.00
307.77, 0.37, 0.00
307.80, 0.40, 0.00
307.83, 0.43, 0.00
307.86, 0.46, 0.00
307.89, 0.48, 0.00
307.92, 0.51, 0.00
307.95, 0.53, 0.00
307.98, 0.56, 0.00
308.01, 0.58, 0.00
308.04, 0.60, 0.00
308.07, 0.63, 0.00
308.10, 0.65, 0.00
308.13, 0.67, 0.00
308.15, 0.69, 0.00
308.18, 0.71, 0.00
308.21, 0.72, 0.00
308.24, 0.74, 0.00
308.27, 0.76, 0.00
308.30, 0.77, 0.00
308.33, 0.79, 0.00
308.36, 0.80, 0.00
308.39, 0.81, 0.00
308.42, 0.83, 0.00
308.45, 0.84, 0.00
308.48, 0.85, 0.00
308.51, 0.86, 0.00
308.54, 0.87, 0.00
308.56, 0.88, 0.00
308.59, 0.89, 0.00
308.62, 0.89, 0.00
308.65, 0.90, 0.00
308.68, 0.90, 0.00
308.71, 0.91, 0.00
308.74, 0.91, 0.00
308.77, 0.92, 0.00
308.80, 0.92, 0.00
308.83, 0.92, 0.00
308.86, 0.92, 0.00
308.89, 0.92, 0.00
308.91, 0.92, 0.00
308.94, 0.92, 0.00
308.97, 0.92, 0.00
309.00, 0.92, 0.00
309.03, 0.91, 0.00
309.06, 0.91, 0.00
309.09, 0.90, 0.00
309.12, 0.90, 0.00
309.15, 0.89, 0.00
309.18, 0.88, 0.00
309.20, 0.87, 0.00
309.23, 0.87, 0.00
309.26, 0.86, 0.00
309.29, 0.85, 0.00
309.32, 0.83, 0.00
309.35, 0.82, 0.00
309.38, 0.81, 0.00
309.41, 0.80, 0.00
309.43, 0.78, 0.00
309.46, 0.77, 0.00
309.49, 0.75, 0.00
309.52, 0.73, 0.00
309.55, 0.72, 0.00
309.58, 0.70, 0.00
309.61, 0.68, 0.00
309.63, 0.66, 0.00
309.66, 0.64, 0.00
309.69, 0.62, 0.00
309.72, 0.60, 0.00
309.75, 0.58, 0.00
309.78, 0.55, 0.00
309.80, 0.53, 0.00
309.83, 0.50, 0.00
309.86, 0.48, 0.00
309.89, 0.45, 0.00
309.92, 0.42, 0.00
309.95, 0.40, 0.00
309.97, 0.37, 0.00
310.00, 0.34, 0.00
310.03, 0.31, 0.00
310.06, 0.28, 0.00
310.09, 0.25, 0.00
310.11, 0.21, 0.00
310.14, 0.18, 0.00
310.17, 0.15, 0.00
310.20, 0.11, 0.00
310.22, 0.08, 0.00
310.25, 0.04, 0.00
310.28, 0.01, 0.00
310.29, 0.00, 0.00
310.30, 0.03, 0.00
310.32, 0.05, 0.00
310.34, 0.07, 0.00
310.35, 0.09, 0.00
310.37, 0.11, 0.00
310.38, 0.13, 0.00
310.40, 0.15, 0.00
310.42, 0.16, 0.00
310.43, 0.18, 0.00
310.45, 0.20, 0.00
310.46, 0.21, 0.00
310.48, 0.23, 0.00
310.50, 0.24, 0.00
310.51, 0.25, 0.00
310.53, 0.26, 0.00
310.54, 0.27, 0.00
310.56, 0.29, 0.00
310.58, 0.30, 0.00
310.59, 0.30, 0.00
310.61, 0.31, 0.00
310.62, 0.32, 0.00
310.64, 0.33, 0.00
310.65, 0.33, 0.00
310.67, 0.34, 0.00
310.69, 0.34, 0.00
310.70, 0.35, 0.00
310.72, 0.35, 0.00
310.73, 0.35, 0.00
310.75, 0.35, 0.00
310.77, 0.35, 0.00
310.78, 0.35, 0.00
310.80, 0.35, 0.00
310.81, 0.35, 0.00
310.83, 0.35, 0.00
310.85, 0.35, 0.00
310.86, 0.34, 0.00
310.88, 0.34, 0.00
310.89, 0.33, 0.00
310.91, 0.33, 0.00
310.92, 0.32, 0.00
310.94, 0.31, 0.00
310.96, 0.31, 0.00
310.97, 0.30, 0.00
310.99, 0.29, 0.00
311.00, 0.28, 0.00
311.02, 0.26, 0.00
311.04, 0.25, 0.00
311.05, 0.24, 0.00
311.07, 0.23, 0.00
311.08, 0.21, 0.00
311.10, 0.20, 0.00
311.11, 0.18, 0.00
311.13, 0.17, 0.00
311.15, 0.15, 0.00
311.16, 0.13, 0.00
311.18, 0.11, 0.00
311.19, 0.09, 0.00
311.21, 0.07, 0.00
311.22, 0.05, 0.00
311.24, 0.03, 0.00
311.25, 0.01, 0.00
311.26, 0.00, 0.00
311.27, 0.02, 0.00
311.28, 0.03, 0.00
311.29, 0.04, 0.00
311.30, 0.06, 0.00
311.31, 0.07, 0.00
311.32, 0.08, 0.00
311.33, 0.09, 0.00
311.34, 0.10, 0.00
311.35, 0.11, 0.00
311.35, 0.12, 0.00
311.36, 0.13, 0.00
311.37, 0.13, 0.00
311.38, 0.14, 0.00
311.39, 0.14, 0.00
311.40, 0.15, 0.00
311.41, 0.15, 0.00
311.42, 0.15, 0.00
311.43, 0.16, 0.00
311.44, 0.16, 0.00
311.45, 0.16, 0.00
311.46, 0.16, 0.00
311.47, 0.16, 0.00
311.47, 0.16, 0.00
311.48, 0.15, 0.00
311.49, 0.15, 0.00
311.50, 0.15, 0.00
311.51, 0.14, 0.00
311.52, 0.14, 0.00
311.53, 0.13, 0.00
311.54, 0.13, 0.00
311.55, 0.12, 0.00
311.56, 0.11, 0.00
311.57, 0.10, 0.00
311.58, 0.09, 0.00
311.59, 0.08, 0.00
311.59, 0.07, 0.00
311.60, 0.06, 0.00
311.61, 0.04, 0.00
311.62, 0.03, 0.00
311.63, 0.02, 0.00
311.64, 0.00, 0.00
311.64, 0.00, 0.00
311.65, 0.01, 0.00
311.65, 0.02, 0.00
311.66, 0.03, 0.00
311.67, 0.04, 0.00
311.67, 0.05, 0.00
311.68, 0.05, 0.00
311.68, 0.06, 0.00
311.69, 0.06, 0.00
311.69, 0.07, 0.00
311.70, 0.07, 0.00
311.70, 0.08, 0.00
311.71, 0.08, 0.00
311.71, 0.08, 0.00
311.72, 0.08, 0.00
311.73, 0.08, 0.00
311.73, 0.08, 0.00
311.74, 0.08, 0.00
311.74, 0.08, 0.00
311.75, 0.07, 0.00
311.75, 0.07, 0.00
311.76, 0.07, 0.00
311.76, 0.06, 0.00
311.77, 0.05, 0.00
311.77, 0.05, 0.00
311.78, 0.04, 0.00
311.79, 0.03, 0.00
311.79, 0.02, 0.00
311.80, 0.01, 0.00
311.80, 0.00, 0.00
311.80, 0.00, 0.00
311.81, 0.01, 0.00
311.81, 0.02, 0.00
311.81, 0.02, 0.00
311.82, 0.03, 0.00
311.82, 0.03, 0.00
311.82, 0.04, 0.00
311.83, 0.04, 0.00
311.83, 0.04, 0.00
311.83, 0.04, 0.00
311.84, 0.04, 0.00
311.84, 0.04, 0.00
311.84, 0.04, 0.00
311.85, 0.04, 0.00
311.85, 0.04, 0.00
311.85, 0.04, 0.00
311.86, 0.03, 0.00
311.86, 0.03, 0.00
311.86, 0.03, 0.00
311.86, 0.02, 0.00
311.87, 0.01, 0.00
311.87, 0.01, 0.00
311.87, 0.00, 0.00
311.88, 0.01, 0.00
311.88, 0.01, 0.00
311.88, 0.02, 0.00
311.88, 0.02, 0.00
311.88, 0.02, 0.00
311.89, 0.02, 0.00
311.89, 0.03, 0.00
311.89, 0.03, 0.00
311.89, 0.03, 0.00
311.89, 0.02, 0.00
311.89, 0.02, 0.00
311.90, 0.02, 0.00
311.90, 0.02, 0.00
311.90, 0.01, 0.00
311.90, 0.01, 0.00
311.90, 0.00, 0.00
311.90, 0.00, 0.00
311.91, 0.01, 0.00
311.91, 0.01, 0.00
311.91, 0.01, 0.00
311.91, 0.01, 0.00
311.91, 0.02, 0.00
311.91, 0.02, 0.00
311.91, 0.02, 0.00
311.91, 0.02, 0.00
311.91, 0.01, 0.00
311.92, 0.01, 0.00
311.92, 0.01, 0.00
311.92, 0.00, 0.00
311.92, 0.00, 0.00
311.92, 0.00, 0.00
311.92, 0.00, 0.00
311.92, 0.01, 0.00
311.92, 0.01, 0.00
311.92, 0.01, 0.00
311.92, 0.01, 0.00
311.92, 0.01, 0.00
311.92, 0.01, 0.00
311.92, 0.01, 0.00
311.92, 0.00, 0.00
311.92, 0.00, 0.00
311.94, 0.00, 0.00
